9.999944e-01 
9.944230e-01 
1.017257e+00 
9.999967e-01 
9.956887e-01 
1.001275e+00 
1.000005e+00 
1.001311e+00 
1.001164e+00 
1.000007e+00 
1.002512e+00 
1.014332e+00 
9.999936e-01 
9.947847e-01 
1.008190e+00 
9.999931e-01 
9.949796e-01 
1.006105e+00 
9.999933e-01 
9.950855e-01 
1.003963e+00 
9.999937e-01 
9.951675e-01 
1.002204e+00 
9.999941e-01 
9.952280e-01 
1.001378e+00 
9.999945e-01 
9.952775e-01 
1.001188e+00 
9.999949e-01 
9.953257e-01 
1.001256e+00 
9.999953e-01 
9.953835e-01 
1.001463e+00 
9.999956e-01 
9.954507e-01 
1.001458e+00 
9.999958e-01 
9.954955e-01 
1.000682e+00 
9.999960e-01 
9.955227e-01 
1.000400e+00 
9.999963e-01 
9.955446e-01 
1.000918e+00 
9.999964e-01 
9.955834e-01 
1.001915e+00 
9.999965e-01 
9.956419e-01 
1.002447e+00 
9.999969e-01 
9.956565e-01 
9.999999e-01 
1.000842e+00 
1.000001e+00 
1.000635e+00 
9.999989e-01 
9.956425e-01 
9.999990e-01 
9.996309e-01 
1.000004e+00 
1.000453e+00 
1.000002e+00 
9.956905e-01 
1.000005e+00 
9.980151e-01 
1.000142e+00 
9.993422e-01 
1.000003e+00 
9.958063e-01 
1.000026e+00 
9.970201e-01 
1.000137e+00 
9.994136e-01 
1.000003e+00 
9.959806e-01 
1.000069e+00 
9.954737e-01 
1.000054e+00 
9.997547e-01 
1.000002e+00 
9.962729e-01 
1.000158e+00 
9.927567e-01 
1.000053e+00 
9.997582e-01 
1.000000e+00 
9.966963e-01 
1.000313e+00 
9.903709e-01 
9.999621e-01 
1.000007e+00 
9.999983e-01 
9.972296e-01 
1.000541e+00 
9.878347e-01 
9.997872e-01 
1.000400e+00 
9.999974e-01 
9.978701e-01 
1.000856e+00 
9.848986e-01 
9.996893e-01 
1.000581e+00 
9.999978e-01 
9.986032e-01 
1.001265e+00 
9.826735e-01 
9.998771e-01 
1.000242e+00 
9.999992e-01 
9.993252e-01 
1.001718e+00 
9.842683e-01 
1.000065e+00 
9.999488e-01 
1.000001e+00 
9.999223e-01 
1.002137e+00 
9.878185e-01 
1.000106e+00 
9.998933e-01 
1.000001e+00 
1.000386e+00 
1.002498e+00 
9.899557e-01 
1.000126e+00 
9.998650e-01 
1.000002e+00 
1.000741e+00 
1.002803e+00 
9.923110e-01 
1.000052e+00 
9.999453e-01 
1.000001e+00 
1.000962e+00 
1.003014e+00 
9.959042e-01 
1.000043e+00 
9.999480e-01 
1.000001e+00 
1.001025e+00 
1.003080e+00 
1.000126e+00 
1.000065e+00 
9.999235e-01 
1.000000e+00 
1.000931e+00 
1.002971e+00 
1.004707e+00 
9.999244e-01 
1.000046e+00 
9.999997e-01 
1.000728e+00 
1.002710e+00 
1.007620e+00 
9.998200e-01 
1.000131e+00 
1.000000e+00 
1.000511e+00 
1.002401e+00 
1.006950e+00 
9.999330e-01 
1.000054e+00 
1.000001e+00 
1.000348e+00 
1.002140e+00 
1.005143e+00 
1.000284e+00 
9.998399e-01 
1.000001e+00 
1.000226e+00 
1.001922e+00 
1.004515e+00 
1.000478e+00 
9.997384e-01 
9.999998e-01 
1.000130e+00 
1.001727e+00 
1.003665e+00 
1.000116e+00 
9.999203e-01 
9.999984e-01 
1.000066e+00 
1.001578e+00 
1.002652e+00 
9.997701e-01 
1.000064e+00 
9.999972e-01 
1.000035e+00 
1.001492e+00 
1.000775e+00 
9.996542e-01 
1.000099e+00 
9.999967e-01 
1.000016e+00 
1.001430e+00 
1.001909e+00 
9.998723e-01 
1.000035e+00 
9.999970e-01 
1.000003e+00 
1.001377e+00 
1.000395e+00 
9.994117e-01 
1.000149e+00 
9.999988e-01 
1.000004e+00 
1.001379e+00 
9.996062e-01 
9.990815e-01 
1.000190e+00 
1.000002e+00 
1.000003e+00 
1.001374e+00 
1.000635e+00 
1.000429e+00 
1.000015e+00 
1.000004e+00 
1.000000e+00 
1.001330e+00 
1.000329e+00 
1.000653e+00 
1.000005e+00 
1.000008e+00 
1.002189e+00 
1.007394e+00 
1.000008e+00 
1.002022e+00 
1.004182e+00 
1.000008e+00 
1.001922e+00 
1.003674e+00 
1.000008e+00 
1.001829e+00 
1.002462e+00 
1.000007e+00 
1.001772e+00 
1.000181e+00 
1.000007e+00 
1.001739e+00 
1.000470e+00 
1.000007e+00 
1.001683e+00 
1.002268e+00 
1.000006e+00 
1.001604e+00 
1.002467e+00 
1.000006e+00 
1.001537e+00 
1.001138e+00 
1.000006e+00 
1.001498e+00 
1.000333e+00 
1.000006e+00 
1.001474e+00 
1.000851e+00 
1.000005e+00 
1.001433e+00 
1.001334e+00 
1.000005e+00 
1.001387e+00 
1.001543e+00 
1.000005e+00 
1.001346e+00 
1.001298e+00 
9.999911e-01 
9.944983e-01 
9.999984e-01 
9.950262e-01 
9.999759e-01 
1.013253e+00 
9.999902e-01 
9.946107e-01 
9.999974e-01 
9.918241e-01 
9.999631e-01 
1.011246e+00 
9.999909e-01 
9.947711e-01 
9.999981e-01 
9.887694e-01 
9.999427e-01 
1.007280e+00 
9.999922e-01 
9.949403e-01 
1.000002e+00 
9.870337e-01 
9.999084e-01 
1.006072e+00 
9.999940e-01 
9.951221e-01 
1.000008e+00 
9.859186e-01 
9.999190e-01 
1.005070e+00 
9.999962e-01 
9.953181e-01 
1.000019e+00 
9.843832e-01 
9.999348e-01 
1.003679e+00 
9.999985e-01 
9.955342e-01 
1.000034e+00 
9.835907e-01 
1.000118e+00 
1.000739e+00 
1.000001e+00 
9.957382e-01 
1.000051e+00 
9.841422e-01 
1.000264e+00 
9.991826e-01 
1.000003e+00 
9.959352e-01 
1.000071e+00 
9.850859e-01 
1.000510e+00 
9.968273e-01 
1.000005e+00 
9.961025e-01 
1.000091e+00 
9.882347e-01 
1.000713e+00 
9.952607e-01 
1.000006e+00 
9.962280e-01 
1.000108e+00 
9.922913e-01 
1.001019e+00 
9.933990e-01 
1.000007e+00 
9.962921e-01 
1.000118e+00 
9.965404e-01 
1.000943e+00 
9.941355e-01 
1.000007e+00 
9.963054e-01 
1.000121e+00 
1.002079e+00 
1.001057e+00 
9.936239e-01 
1.000007e+00 
9.962699e-01 
1.000115e+00 
1.003885e+00 
1.000951e+00 
9.946063e-01 
1.000006e+00 
9.962109e-01 
1.000104e+00 
1.005955e+00 
1.000729e+00 
9.959043e-01 
1.000005e+00 
9.961216e-01 
1.000086e+00 
1.007691e+00 
1.000166e+00 
9.987491e-01 
1.000004e+00 
9.960458e-01 
1.000070e+00 
1.006400e+00 
1.000130e+00 
9.990303e-01 
1.000003e+00 
9.959749e-01 
1.000053e+00 
1.004816e+00 
9.997320e-01 
1.000728e+00 
1.000002e+00 
9.959358e-01 
1.000043e+00 
1.002203e+00 
9.996343e-01 
1.001050e+00 
1.000001e+00 
9.959110e-01 
1.000036e+00 
9.990706e-01 
9.990217e-01 
1.003334e+00 
9.999999e-01 
9.959226e-01 
1.000039e+00 
9.965364e-01 
9.985477e-01 
1.004837e+00 
9.999995e-01 
9.959613e-01 
1.000050e+00 
9.919285e-01 
9.975168e-01 
1.008104e+00 
9.999996e-01 
9.960789e-01 
1.000086e+00 
9.880965e-01 
9.978289e-01 
1.006890e+00 
1.000000e+00 
9.962300e-01 
1.000135e+00 
9.853203e-01 
9.980164e-01 
1.006064e+00 
1.000001e+00 
9.964326e-01 
1.000204e+00 
9.837029e-01 
9.996233e-01 
1.001254e+00 
1.000001e+00 
9.966290e-01 
1.000274e+00 
9.851479e-01 
1.000914e+00 
9.976540e-01 
1.000002e+00 
9.967880e-01 
1.000333e+00 
9.890046e-01 
1.001846e+00 
9.951694e-01 
1.000002e+00 
9.969068e-01 
1.000380e+00 
9.923750e-01 
1.002215e+00 
9.943395e-01 
1.000001e+00 
9.969826e-01 
1.000411e+00 
9.945598e-01 
1.001820e+00 
9.954628e-01 
1.000000e+00 
9.970418e-01 
1.000436e+00 
9.951240e-01 
1.001001e+00 
9.974793e-01 
9.999994e-01 
9.970998e-01 
1.000461e+00 
9.954676e-01 
1.000340e+00 
9.990119e-01 
9.999984e-01 
9.971633e-01 
1.000490e+00 
9.942788e-01 
9.996413e-01 
1.000614e+00 
9.999975e-01 
9.972492e-01 
1.000530e+00 
9.928516e-01 
9.994748e-01 
1.000935e+00 
9.999967e-01 
9.973497e-01 
1.000579e+00 
9.908545e-01 
9.991699e-01 
1.001564e+00 
9.999961e-01 
9.974725e-01 
1.000640e+00 
9.894815e-01 
9.992863e-01 
1.001322e+00 
9.999957e-01 
9.976066e-01 
1.000709e+00 
9.875915e-01 
9.990012e-01 
1.001836e+00 
9.999953e-01 
9.977591e-01 
1.000790e+00 
9.863322e-01 
9.990537e-01 
1.001692e+00 
9.999952e-01 
9.979205e-01 
1.000878e+00 
9.843181e-01 
9.988958e-01 
1.001979e+00 
9.999953e-01 
9.981018e-01 
1.000981e+00 
9.829835e-01 
9.992703e-01 
1.001296e+00 
9.999955e-01 
9.982910e-01 
1.001091e+00 
9.809725e-01 
9.991386e-01 
1.001502e+00 
9.999959e-01 
9.984991e-01 
1.001216e+00 
9.799104e-01 
9.995892e-01 
1.000747e+00 
9.999965e-01 
9.987138e-01 
1.001349e+00 
9.782247e-01 
9.998338e-01 
1.000370e+00 
9.999973e-01 
9.989410e-01 
1.001494e+00 
9.775731e-01 
1.000503e+00 
9.993575e-01 
9.999982e-01 
9.991688e-01 
1.001643e+00 
9.764522e-01 
1.000776e+00 
9.989703e-01 
9.999992e-01 
9.994005e-01 
1.001799e+00 
9.767726e-01 
1.001374e+00 
9.981231e-01 
1.000000e+00 
9.996274e-01 
1.001957e+00 
9.766667e-01 
1.001916e+00 
9.974223e-01 
1.000001e+00 
9.998478e-01 
1.002114e+00 
9.777886e-01 
1.002459e+00 
9.967282e-01 
1.000002e+00 
1.000058e+00 
1.002268e+00 
9.782683e-01 
1.002803e+00 
9.963310e-01 
1.000003e+00 
1.000254e+00 
1.002415e+00 
9.803055e-01 
1.003109e+00 
9.960215e-01 
1.000004e+00 
1.000431e+00 
1.002553e+00 
9.818820e-01 
1.003376e+00 
9.957608e-01 
1.000005e+00 
1.000587e+00 
1.002676e+00 
9.845507e-01 
1.003459e+00 
9.957227e-01 
1.000005e+00 
1.000723e+00 
1.002787e+00 
9.863623e-01 
1.003466e+00 
9.958134e-01 
1.000005e+00 
1.000834e+00 
1.002880e+00 
9.893164e-01 
1.003284e+00 
9.961081e-01 
1.000005e+00 
1.000922e+00 
1.002956e+00 
9.915936e-01 
1.003021e+00 
9.964757e-01 
1.000005e+00 
1.000985e+00 
1.003011e+00 
9.945242e-01 
1.002624e+00 
9.969730e-01 
1.000005e+00 
1.001027e+00 
1.003050e+00 
9.965456e-01 
1.002148e+00 
9.975558e-01 
1.000004e+00 
1.001049e+00 
1.003070e+00 
9.991945e-01 
1.001619e+00 
9.981661e-01 
1.000003e+00 
1.001051e+00 
1.003072e+00 
1.000996e+00 
1.000997e+00 
9.988456e-01 
1.000002e+00 
1.001037e+00 
1.003059e+00 
1.002868e+00 
1.000391e+00 
9.994729e-01 
1.000001e+00 
1.001012e+00 
1.003034e+00 
1.003871e+00 
9.997140e-01 
1.000176e+00 
1.000001e+00 
1.000977e+00 
1.002999e+00 
1.005151e+00 
9.991127e-01 
1.000763e+00 
9.999996e-01 
1.000934e+00 
1.002954e+00 
1.005603e+00 
9.984610e-01 
1.001368e+00 
9.999988e-01 
1.000888e+00 
1.002905e+00 
1.005991e+00 
9.979515e-01 
1.001808e+00 
9.999980e-01 
1.000843e+00 
1.002855e+00 
1.005605e+00 
9.974566e-01 
1.002235e+00 
9.999975e-01 
1.000798e+00 
1.002805e+00 
1.005503e+00 
9.970542e-01 
1.002544e+00 
9.999970e-01 
1.000756e+00 
1.002755e+00 
1.004599e+00 
9.967400e-01 
1.002769e+00 
9.999969e-01 
1.000718e+00 
1.002710e+00 
1.004038e+00 
9.965400e-01 
1.002887e+00 
9.999968e-01 
1.000687e+00 
1.002671e+00 
1.002887e+00 
9.965059e-01 
1.002862e+00 
9.999971e-01 
1.000661e+00 
1.002638e+00 
1.002464e+00 
9.964967e-01 
1.002821e+00 
9.999974e-01 
1.000639e+00 
1.002610e+00 
1.001262e+00 
9.967572e-01 
1.002563e+00 
9.999980e-01 
1.000623e+00 
1.002588e+00 
1.000827e+00 
9.970351e-01 
1.002304e+00 
9.999986e-01 
1.000612e+00 
1.002573e+00 
9.999101e-01 
9.975494e-01 
1.001870e+00 
9.999993e-01 
1.000602e+00 
1.002558e+00 
1.000164e+00 
9.978061e-01 
1.001641e+00 
1.000000e+00 
1.000594e+00 
1.002547e+00 
9.997688e-01 
9.986013e-01 
1.001045e+00 
1.000001e+00 
1.000586e+00 
1.002534e+00 
1.000331e+00 
9.991244e-01 
1.000664e+00 
1.000001e+00 
1.000577e+00 
1.002521e+00 
1.000337e+00 
9.999120e-01 
1.000107e+00 
1.000002e+00 
1.000562e+00 
1.002498e+00 
1.001491e+00 
1.000097e+00 
9.999842e-01 
1.000003e+00 
1.000546e+00 
1.002473e+00 
1.002035e+00 
1.000925e+00 
9.994604e-01 
1.000003e+00 
1.000522e+00 
1.002435e+00 
1.003443e+00 
1.001085e+00 
9.993558e-01 
1.000003e+00 
1.000495e+00 
1.002390e+00 
1.004119e+00 
1.001515e+00 
9.991079e-01 
1.000003e+00 
1.000461e+00 
1.002331e+00 
1.005560e+00 
1.001227e+00 
9.992864e-01 
1.000003e+00 
1.000424e+00 
1.002267e+00 
1.006189e+00 
1.001501e+00 
9.991391e-01 
1.000002e+00 
1.000381e+00 
1.002190e+00 
1.007378e+00 
1.001122e+00 
9.993495e-01 
1.000002e+00 
1.000338e+00 
1.002109e+00 
1.007765e+00 
1.000952e+00 
9.994494e-01 
1.000001e+00 
1.000291e+00 
1.002019e+00 
1.008659e+00 
1.000377e+00 
9.997430e-01 
1.000000e+00 
1.000245e+00 
1.001926e+00 
1.008962e+00 
1.000358e+00 
9.997610e-01 
9.999995e-01 
1.000195e+00 
1.001823e+00 
1.009821e+00 
9.996153e-01 
1.000099e+00 
9.999986e-01 
1.000144e+00 
1.001713e+00 
1.010128e+00 
9.991272e-01 
1.000318e+00 
9.999977e-01 
1.000090e+00 
1.001594e+00 
1.010194e+00 
9.975152e-01 
1.001028e+00 
9.999968e-01 
1.000041e+00 
1.001479e+00 
1.008770e+00 
9.958241e-01 
1.001715e+00 
9.999960e-01 
9.999986e-01 
1.001378e+00 
1.007229e+00 
9.938459e-01 
1.002467e+00 
9.999955e-01 
9.999694e-01 
1.001304e+00 
1.004068e+00 
9.927137e-01 
1.002880e+00 
9.999956e-01 
9.999631e-01 
1.001287e+00 
9.998751e-01 
9.937769e-01 
1.002409e+00 
9.999961e-01 
9.999760e-01 
1.001320e+00 
9.952820e-01 
9.963483e-01 
1.001390e+00 
9.999969e-01 
1.000005e+00 
1.001400e+00 
9.931542e-01 
1.000238e+00 
1.000004e+00 
9.999979e-01 
1.000038e+00 
1.001498e+00 
9.938364e-01 
1.005465e+00 
9.982579e-01 
9.999986e-01 
1.000055e+00 
1.001553e+00 
9.959007e-01 
1.006649e+00 
9.979241e-01 
9.999990e-01 
1.000064e+00 
1.001582e+00 
9.986849e-01 
1.008269e+00 
9.974951e-01 
9.999989e-01 
1.000052e+00 
1.001544e+00 
1.002400e+00 
1.005289e+00 
9.984454e-01 
9.999985e-01 
1.000035e+00 
1.001487e+00 
1.003947e+00 
1.004043e+00 
9.988452e-01 
9.999979e-01 
1.000012e+00 
1.001403e+00 
1.006199e+00 
1.001829e+00 
9.994723e-01 
9.999972e-01 
9.999902e-01 
1.001315e+00 
1.007899e+00 
1.001626e+00 
9.995332e-01 
9.999963e-01 
9.999638e-01 
1.001203e+00 
1.008800e+00 
9.998765e-01 
9.999426e-01 
9.999954e-01 
9.999400e-01 
1.001096e+00 
1.009036e+00 
9.994853e-01 
1.000048e+00 
9.999946e-01 
9.999172e-01 
1.000984e+00 
1.006833e+00 
9.964916e-01 
1.000646e+00 
9.999942e-01 
9.999038e-01 
1.000912e+00 
1.004061e+00 
9.954152e-01 
1.000812e+00 
9.999941e-01 
9.998967e-01 
1.000869e+00 
1.002097e+00 
9.943949e-01 
1.000959e+00 
9.999946e-01 
9.998986e-01 
1.000877e+00 
9.966511e-01 
9.950993e-01 
1.000801e+00 
9.999955e-01 
9.999075e-01 
1.000935e+00 
9.929455e-01 
9.948151e-01 
1.000810e+00 
9.999970e-01 
9.999227e-01 
1.001048e+00 
9.893953e-01 
9.971534e-01 
1.000482e+00 
9.999988e-01 
9.999396e-01 
1.001192e+00 
9.870451e-01 
9.986493e-01 
1.000298e+00 
1.000001e+00 
9.999567e-01 
1.001362e+00 
9.864165e-01 
1.001131e+00 
1.000057e+00 
1.000003e+00 
9.999711e-01 
1.001534e+00 
9.859960e-01 
1.002380e+00 
1.000007e+00 
1.000005e+00 
9.999837e-01 
1.001716e+00 
9.864089e-01 
1.004452e+00 
9.998787e-01 
1.000007e+00 
9.999926e-01 
1.001884e+00 
9.871700e-01 
1.005101e+00 
9.998749e-01 
1.000009e+00 
9.999985e-01 
1.002049e+00 
9.876984e-01 
1.006126e+00 
9.999104e-01 
1.000010e+00 
1.000002e+00 
1.002206e+00 
9.890704e-01 
1.007186e+00 
9.999412e-01 
1.000011e+00 
1.000003e+00 
1.002349e+00 
9.917780e-01 
1.010248e+00 
9.999420e-01 
1.000010e+00 
1.000001e+00 
1.002448e+00 
9.951571e-01 
1.011403e+00 
9.999905e-01 
1.000010e+00 
1.000001e+00 
1.002110e+00 
9.945931e-01 
1.005438e+00 
9.999741e-01 
1.000008e+00 
9.999976e-01 
1.001907e+00 
9.896964e-01 
1.003692e+00 
9.999802e-01 
1.000005e+00 
9.999842e-01 
1.001632e+00 
9.886118e-01 
1.001764e+00 
1.000055e+00 
1.000001e+00 
9.999623e-01 
1.001356e+00 
9.898282e-01 
9.994864e-01 
1.000217e+00 
9.999972e-01 
9.999374e-01 
1.001129e+00 
9.927027e-01 
9.983216e-01 
1.000338e+00 
9.999949e-01 
9.999200e-01 
1.001003e+00 
9.973652e-01 
9.972749e-01 
1.000474e+00 
9.999944e-01 
9.999219e-01 
1.001015e+00 
1.002673e+00 
9.975885e-01 
1.000425e+00 
9.999955e-01 
9.999444e-01 
1.001129e+00 
1.005765e+00 
9.988483e-01 
1.000187e+00 
9.999971e-01 
9.999795e-01 
1.001282e+00 
1.005947e+00 
1.000356e+00 
9.998446e-01 
9.999983e-01 
1.000010e+00 
1.001402e+00 
1.003829e+00 
1.001464e+00 
9.995636e-01 
9.999986e-01 
1.000024e+00 
1.001448e+00 
1.000209e+00 
1.001761e+00 
9.994819e-01 
9.999976e-01 
1.000015e+00 
1.001421e+00 
9.979341e-01 
1.000896e+00 
9.997540e-01 
9.999963e-01 
1.000004e+00 
1.001391e+00 
1.000067e+00 
9.991936e-01 
1.000339e+00 
9.999960e-01 
1.000021e+00 
1.001435e+00 
1.003556e+00 
9.984981e-01 
1.000586e+00 
9.999970e-01 
1.000072e+00 
1.001558e+00 
1.006289e+00 
9.991842e-01 
1.000287e+00 
9.999987e-01 
1.000148e+00 
1.001729e+00 
1.007593e+00 
1.000203e+00 
9.998258e-01 
1.000000e+00 
1.000233e+00 
1.001908e+00 
1.007460e+00 
1.000829e+00 
9.995177e-01 
1.000002e+00 
1.000317e+00 
1.002072e+00 
1.006512e+00 
1.001536e+00 
9.991418e-01 
1.000003e+00 
1.000396e+00 
1.002219e+00 
1.006232e+00 
1.001483e+00 
9.991454e-01 
1.000003e+00 
1.000467e+00 
1.002343e+00 
1.004916e+00 
1.001717e+00 
9.989893e-01 
1.000002e+00 
1.000526e+00 
1.002438e+00 
1.003875e+00 
1.001089e+00 
9.993546e-01 
1.000001e+00 
1.000571e+00 
1.002508e+00 
1.002805e+00 
1.000863e+00 
9.994914e-01 
1.000000e+00 
1.000609e+00 
1.002564e+00 
1.002739e+00 
9.999670e-01 
1.000096e+00 
9.999988e-01 
1.000646e+00 
1.002615e+00 
1.002555e+00 
9.995858e-01 
1.000374e+00 
9.999976e-01 
1.000690e+00 
1.002674e+00 
1.003433e+00 
9.988860e-01 
1.000913e+00 
9.999971e-01 
1.000746e+00 
1.002744e+00 
1.003685e+00 
9.987422e-01 
1.001043e+00 
9.999972e-01 
1.000815e+00 
1.002826e+00 
1.004551e+00 
9.985875e-01 
1.001186e+00 
9.999982e-01 
1.000890e+00 
1.002910e+00 
1.003942e+00 
9.989238e-01 
1.000905e+00 
9.999997e-01 
1.000962e+00 
1.002987e+00 
1.003712e+00 
9.993229e-01 
1.000543e+00 
1.000002e+00 
1.001012e+00 
1.003039e+00 
1.001383e+00 
9.999272e-01 
9.999635e-01 
1.000003e+00 
1.001022e+00 
1.003049e+00 
9.993268e-01 
1.000416e+00 
9.994658e-01 
1.000005e+00 
1.000974e+00 
1.003004e+00 
9.952821e-01 
1.000821e+00 
9.990340e-01 
1.000005e+00 
1.000850e+00 
1.002894e+00 
9.919134e-01 
1.001022e+00 
9.988010e-01 
1.000005e+00 
1.000643e+00 
1.002721e+00 
9.875026e-01 
1.001015e+00 
9.988012e-01 
1.000004e+00 
1.000354e+00 
1.002490e+00 
9.845872e-01 
1.000904e+00 
9.989298e-01 
1.000002e+00 
9.999974e-01 
1.002220e+00 
9.817337e-01 
1.000556e+00 
9.993759e-01 
1.000000e+00 
9.995923e-01 
1.001928e+00 
9.808646e-01 
1.000262e+00 
9.997694e-01 
9.999981e-01 
9.991661e-01 
1.001638e+00 
9.803647e-01 
9.997742e-01 
1.000474e+00 
9.999966e-01 
9.987397e-01 
1.001363e+00 
9.813886e-01 
9.995422e-01 
1.000833e+00 
9.999956e-01 
9.983374e-01 
1.001117e+00 
9.826427e-01 
9.991863e-01 
1.001429e+00 
9.999953e-01 
9.979745e-01 
1.000908e+00 
9.851683e-01 
9.992356e-01 
1.001363e+00 
9.999958e-01 
9.976571e-01 
1.000737e+00 
9.866610e-01 
9.991303e-01 
1.001594e+00 
9.999969e-01 
9.973890e-01 
1.000600e+00 
9.894964e-01 
9.994441e-01 
1.001004e+00 
9.999984e-01 
9.971731e-01 
1.000498e+00 
9.912692e-01 
9.996574e-01 
1.000581e+00 
1.000000e+00 
9.969879e-01 
1.000415e+00 
9.920204e-01 
1.000195e+00 
9.993928e-01 
1.000001e+00 
9.967959e-01 
1.000336e+00 
9.912180e-01 
1.000522e+00 
9.986349e-01 
1.000001e+00 
9.965716e-01 
1.000251e+00 
9.902832e-01 
1.000335e+00 
9.991621e-01 
1.000000e+00 
9.963152e-01 
1.000161e+00 
9.898406e-01 
9.997134e-01 
1.000955e+00 
9.999999e-01 
9.960964e-01 
1.000091e+00 
9.933777e-01 
9.994320e-01 
1.001849e+00 
1.000001e+00 
9.959885e-01 
1.000060e+00 
9.986350e-01 
9.995362e-01 
1.001484e+00 
1.000003e+00 
9.959960e-01 
1.000062e+00 
1.002338e+00 
9.998346e-01 
1.000280e+00 
1.000005e+00 
9.960770e-01 
1.000081e+00 
1.003718e+00 
1.000219e+00 
9.985399e-01 
1.000007e+00 
9.961511e-01 
1.000095e+00 
1.001656e+00 
1.000445e+00 
9.973203e-01 
1.000007e+00 
9.961399e-01 
1.000093e+00 
9.968082e-01 
1.000554e+00 
9.966518e-01 
1.000005e+00 
9.959874e-01 
1.000072e+00 
9.912621e-01 
1.000407e+00 
9.977662e-01 
1.000001e+00 
9.957160e-01 
1.000043e+00 
9.878171e-01 
1.000249e+00 
9.992641e-01 
9.999964e-01 
9.953954e-01 
1.000017e+00 
9.872810e-01 
1.000060e+00 
1.001927e+00 
9.999927e-01 
9.950947e-01 
1.000003e+00 
9.887345e-01 
9.999710e-01 
1.004283e+00 
9.999910e-01 
9.948740e-01 
9.999987e-01 
9.937495e-01 
9.999738e-01 
1.005920e+00 
1.000008e+00 
9.999987e-01 
1.001830e+00 
9.921531e-01 
1.002210e+00 
1.000007e+00 
1.000001e+00 
9.999693e-01 
1.001371e+00 
9.915082e-01 
9.991600e-01 
1.000215e+00 
9.999953e-01 
9.999324e-01 
1.001072e+00 
9.976584e-01 
9.980971e-01 
1.000348e+00 
9.999956e-01 
9.999474e-01 
1.001152e+00 
1.004186e+00 
9.992744e-01 
1.000120e+00 
9.999979e-01 
9.999993e-01 
1.001365e+00 
1.002658e+00 
1.000395e+00 
9.998730e-01 
9.999973e-01 
1.000014e+00 
1.001414e+00 
9.990799e-01 
9.997446e-01 
1.000116e+00 
9.999965e-01 
1.000036e+00 
1.001473e+00 
1.003130e+00 
9.993614e-01 
1.000240e+00 
9.999988e-01 
1.000145e+00 
1.001729e+00 
1.006426e+00 
1.000259e+00 
9.998178e-01 
1.000002e+00 
1.000302e+00 
1.002047e+00 
1.005957e+00 
1.000497e+00 
9.996945e-01 
1.000003e+00 
1.000449e+00 
1.002311e+00 
1.004776e+00 
1.000370e+00 
9.997841e-01 
1.000001e+00 
1.000562e+00 
1.002492e+00 
1.003260e+00 
1.000059e+00 
1.000012e+00 
9.999988e-01 
1.000656e+00 
1.002626e+00 
1.003035e+00 
9.995637e-01 
1.000378e+00 
9.999972e-01 
1.000772e+00 
1.002774e+00 
1.003902e+00 
9.991445e-01 
1.000710e+00 
9.999982e-01 
1.000913e+00 
1.002938e+00 
1.003624e+00 
9.991947e-01 
1.000669e+00 
1.000002e+00 
1.001014e+00 
1.003044e+00 
1.000750e+00 
9.998082e-01 
1.000101e+00 
1.000004e+00 
1.000953e+00 
1.002987e+00 
9.949403e-01 
1.000371e+00 
9.995393e-01 
1.000005e+00 
1.000622e+00 
1.002702e+00 
9.875374e-01 
1.000366e+00 
9.995952e-01 
1.000002e+00 
9.999940e-01 
1.002214e+00 
9.818349e-01 
1.000005e+00 
1.000110e+00 
9.999982e-01 
9.991850e-01 
1.001647e+00 
9.803106e-01 
9.997385e-01 
1.000514e+00 
9.999958e-01 
9.983678e-01 
1.001134e+00 
9.825824e-01 
9.996861e-01 
1.000580e+00 
9.999960e-01 
9.976815e-01 
1.000751e+00 
9.864811e-01 
9.997833e-01 
1.000360e+00 
9.999984e-01 
9.971700e-01 
1.000499e+00 
9.902904e-01 
1.000021e+00 
9.998368e-01 
1.000001e+00 
9.967550e-01 
1.000321e+00 
9.908295e-01 
1.000303e+00 
9.991856e-01 
1.000001e+00 
9.963205e-01 
1.000162e+00 
9.907215e-01 
1.000037e+00 
9.999169e-01 
1.000001e+00 
9.960248e-01 
1.000072e+00 
9.974555e-01 
9.998198e-01 
1.000481e+00 
1.000005e+00 
9.960488e-01 
1.000078e+00 
1.002185e+00 
1.000112e+00 
9.991772e-01 
1.000006e+00 
9.960553e-01 
1.000079e+00 
9.965148e-01 
1.000369e+00 
9.978524e-01 
1.000001e+00 
9.956924e-01 
1.000034e+00 
9.901144e-01 
1.000236e+00 
9.989791e-01 
9.999932e-01 
9.951804e-01 
1.000001e+00 
9.921144e-01 
1.000013e+00 
1.002139e+00 
1.000008e+00 
9.999993e-01 
1.001767e+00 
9.934392e-01 
1.001757e+00 
1.000014e+00 
1.000007e+00 
9.999995e-01 
1.001708e+00 
9.949177e-01 
1.001720e+00 
1.000005e+00 
1.000007e+00 
9.999997e-01 
1.001658e+00 
9.954599e-01 
1.001062e+00 
1.000018e+00 
1.000006e+00 
9.999999e-01 
1.001619e+00 
9.952426e-01 
1.000907e+00 
1.000018e+00 
1.000006e+00 
1.000000e+00 
1.001583e+00 
9.965512e-01 
1.000765e+00 
1.000018e+00 
1.000006e+00 
1.000000e+00 
1.001545e+00 
9.975408e-01 
1.001678e+00 
9.999836e-01 
1.000006e+00 
9.999999e-01 
1.001503e+00 
9.984696e-01 
1.001375e+00 
9.999901e-01 
1.000006e+00 
9.999999e-01 
1.001469e+00 
9.990972e-01 
1.001100e+00 
9.999969e-01 
1.000005e+00 
1.000000e+00 
1.001446e+00 
9.989380e-01 
1.000237e+00 
1.000025e+00 
1.000005e+00 
1.000000e+00 
1.001421e+00 
9.996131e-01 
1.001491e+00 
9.999801e-01 
1.000005e+00 
1.000000e+00 
1.001387e+00 
1.000253e+00 
1.001528e+00 
9.999768e-01 
1.000005e+00 
1.000000e+00 
1.001356e+00 
1.000189e+00 
1.001017e+00 
9.999943e-01 
1.000001e+00 
9.999750e-01 
1.001387e+00 
9.928097e-01 
9.993910e-01 
1.000176e+00 
1.000001e+00 
9.999797e-01 
1.001396e+00 
9.937187e-01 
9.995723e-01 
1.000145e+00 
1.000002e+00 
9.999831e-01 
1.001399e+00 
9.946995e-01 
9.999783e-01 
1.000094e+00 
1.000002e+00 
9.999860e-01 
1.001400e+00 
9.956619e-01 
9.995076e-01 
1.000129e+00 
1.000002e+00 
9.999887e-01 
1.001401e+00 
9.973202e-01 
1.000007e+00 
1.000078e+00 
1.000002e+00 
9.999911e-01 
1.001401e+00 
9.972835e-01 
1.000002e+00 
1.000073e+00 
1.000002e+00 
9.999933e-01 
1.001399e+00 
9.974377e-01 
1.000194e+00 
1.000050e+00 
1.000002e+00 
9.999954e-01 
1.001398e+00 
9.980877e-01 
9.999990e-01 
1.000064e+00 
1.000002e+00 
9.999973e-01 
1.001398e+00 
9.988712e-01 
1.000090e+00 
1.000052e+00 
1.000002e+00 
9.999984e-01 
1.001389e+00 
9.991780e-01 
1.001250e+00 
9.999432e-01 
1.000002e+00 
9.999995e-01 
1.001379e+00 
9.992690e-01 
1.000251e+00 
1.000034e+00 
1.000002e+00 
1.000001e+00 
1.001378e+00 
9.999512e-01 
1.000078e+00 
1.000049e+00 
9.999957e-01 
9.999434e-01 
1.001131e+00 
9.974130e-01 
9.978224e-01 
1.000388e+00 
9.999965e-01 
9.999533e-01 
1.001184e+00 
9.979116e-01 
9.987734e-01 
1.000244e+00 
9.999970e-01 
9.999612e-01 
1.001222e+00 
9.986860e-01 
9.990238e-01 
1.000204e+00 
9.999976e-01 
9.999674e-01 
1.001251e+00 
9.984898e-01 
9.996179e-01 
1.000113e+00 
9.999978e-01 
9.999729e-01 
1.001274e+00 
9.987061e-01 
9.993304e-01 
1.000157e+00 
9.999982e-01 
9.999779e-01 
1.001295e+00 
9.988424e-01 
9.997983e-01 
1.000085e+00 
9.999984e-01 
9.999822e-01 
1.001311e+00 
9.994507e-01 
9.994577e-01 
1.000137e+00 
9.999986e-01 
9.999864e-01 
1.001326e+00 
9.994514e-01 
9.996495e-01 
1.000106e+00 
9.999989e-01 
9.999896e-01 
1.001335e+00 
9.986024e-01 
1.000248e+00 
1.000016e+00 
9.999988e-01 
9.999928e-01 
1.001343e+00 
9.988070e-01 
9.997283e-01 
1.000096e+00 
9.999989e-01 
9.999961e-01 
1.001353e+00 
9.994975e-01 
9.998689e-01 
1.000071e+00 
9.999989e-01 
9.999994e-01 
1.001363e+00 
9.994817e-01 
9.996189e-01 
1.000108e+00 
9.999957e-01 
9.999507e-01 
1.001171e+00 
1.003178e+00 
9.991923e-01 
1.000151e+00 
9.999958e-01 
9.999555e-01 
1.001195e+00 
1.001874e+00 
9.992330e-01 
1.000157e+00 
9.999961e-01 
9.999598e-01 
1.001215e+00 
1.000991e+00 
1.000002e+00 
1.000003e+00 
9.999961e-01 
9.999639e-01 
1.001232e+00 
1.000123e+00 
9.995096e-01 
1.000117e+00 
9.999963e-01 
9.999683e-01 
1.001250e+00 
1.000887e+00 
9.998140e-01 
1.000057e+00 
9.999963e-01 
9.999730e-01 
1.001269e+00 
1.000177e+00 
9.993911e-01 
1.000152e+00 
9.999965e-01 
9.999779e-01 
1.001288e+00 
9.999331e-01 
9.996862e-01 
1.000093e+00 
9.999967e-01 
9.999817e-01 
1.001301e+00 
1.000023e+00 
9.998532e-01 
1.000060e+00 
9.999966e-01 
9.999865e-01 
1.001318e+00 
1.000068e+00 
9.991627e-01 
1.000208e+00 
9.999968e-01 
9.999917e-01 
1.001337e+00 
1.000457e+00 
9.996402e-01 
1.000104e+00 
9.999970e-01 
9.999957e-01 
1.001351e+00 
1.000685e+00 
9.998444e-01 
1.000061e+00 
9.999970e-01 
9.999992e-01 
1.001363e+00 
1.000640e+00 
9.995509e-01 
1.000121e+00 
9.999975e-01 
9.999922e-01 
1.001341e+00 
1.002582e+00 
1.000361e+00 
9.998875e-01 
9.999972e-01 
9.999866e-01 
1.001323e+00 
1.002487e+00 
1.000489e+00 
9.998561e-01 
9.999967e-01 
9.999843e-01 
1.001315e+00 
1.002262e+00 
9.996593e-01 
1.000087e+00 
9.999966e-01 
9.999842e-01 
1.001316e+00 
1.001644e+00 
9.999899e-01 
9.999976e-01 
9.999964e-01 
9.999851e-01 
1.001319e+00 
1.002226e+00 
9.998014e-01 
1.000052e+00 
9.999962e-01 
9.999872e-01 
1.001327e+00 
1.001720e+00 
9.996188e-01 
1.000103e+00 
9.999962e-01 
9.999899e-01 
1.001337e+00 
1.002013e+00 
9.997020e-01 
1.000082e+00 
9.999960e-01 
9.999941e-01 
1.001352e+00 
1.002177e+00 
9.991890e-01 
1.000222e+00 
9.999960e-01 
9.999994e-01 
1.001371e+00 
1.001720e+00 
9.992366e-01 
1.000208e+00 
9.999962e-01 
1.000004e+00 
1.001388e+00 
1.001241e+00 
9.997103e-01 
1.000080e+00 
9.999963e-01 
1.000008e+00 
1.001403e+00 
1.001100e+00 
9.995861e-01 
1.000114e+00 
9.999965e-01 
1.000013e+00 
1.001418e+00 
1.001482e+00 
9.998716e-01 
1.000036e+00 
9.999973e-01 
1.000014e+00 
1.001413e+00 
1.000176e+00 
1.000087e+00 
9.999837e-01 
9.999970e-01 
1.000014e+00 
1.001413e+00 
1.000983e+00 
9.996177e-01 
1.000129e+00 
9.999968e-01 
1.000016e+00 
1.001418e+00 
1.001482e+00 
9.994350e-01 
1.000183e+00 
9.999968e-01 
1.000018e+00 
1.001425e+00 
1.001219e+00 
9.997641e-01 
1.000069e+00 
9.999968e-01 
1.000019e+00 
1.001430e+00 
1.002266e+00 
9.998273e-01 
1.000043e+00 
9.999968e-01 
1.000020e+00 
1.001434e+00 
1.002143e+00 
9.999174e-01 
1.000010e+00 
9.999967e-01 
1.000022e+00 
1.001442e+00 
1.002407e+00 
9.995094e-01 
1.000146e+00 
9.999967e-01 
1.000025e+00 
1.001454e+00 
1.002145e+00 
9.995260e-01 
1.000138e+00 
9.999969e-01 
1.000027e+00 
1.001461e+00 
1.001611e+00 
9.999098e-01 
1.000010e+00 
9.999969e-01 
1.000028e+00 
1.001468e+00 
1.001767e+00 
9.997120e-01 
1.000077e+00 
9.999970e-01 
1.000030e+00 
1.001474e+00 
1.001910e+00 
1.000031e+00 
9.999702e-01 
9.999971e-01 
1.000032e+00 
1.001481e+00 
1.001300e+00 
9.998935e-01 
1.000018e+00 
9.999968e-01 
1.000045e+00 
1.001498e+00 
1.003260e+00 
9.995343e-01 
1.000167e+00 
9.999970e-01 
1.000053e+00 
1.001519e+00 
1.003341e+00 
9.992064e-01 
1.000293e+00 
9.999974e-01 
1.000058e+00 
1.001535e+00 
1.003218e+00 
9.997827e-01 
1.000063e+00 
9.999975e-01 
1.000062e+00 
1.001545e+00 
1.002462e+00 
9.996884e-01 
1.000099e+00 
9.999978e-01 
1.000064e+00 
1.001553e+00 
1.003309e+00 
1.000127e+00 
9.999231e-01 
9.999978e-01 
1.000065e+00 
1.001557e+00 
1.002622e+00 
9.998477e-01 
1.000033e+00 
9.999980e-01 
1.000066e+00 
1.001563e+00 
1.002741e+00 
9.998767e-01 
1.000020e+00 
9.999981e-01 
1.000065e+00 
1.001563e+00 
1.002775e+00 
1.000268e+00 
9.998648e-01 
9.999981e-01 
1.000065e+00 
1.001565e+00 
1.002430e+00 
9.998220e-01 
1.000041e+00 
9.999982e-01 
1.000066e+00 
1.001570e+00 
1.002511e+00 
1.000035e+00 
9.999572e-01 
9.999983e-01 
1.000065e+00 
1.001571e+00 
1.002582e+00 
1.000246e+00 
9.998743e-01 
9.999983e-01 
1.000065e+00 
1.001573e+00 
1.002606e+00 
9.998876e-01 
1.000016e+00 
9.999987e-01 
1.000147e+00 
1.001737e+00 
1.005793e+00 
9.995765e-01 
1.000143e+00 
9.999990e-01 
1.000149e+00 
1.001745e+00 
1.005868e+00 
1.000066e+00 
9.999265e-01 
9.999990e-01 
1.000150e+00 
1.001749e+00 
1.005676e+00 
9.998560e-01 
1.000028e+00 
9.999993e-01 
1.000149e+00 
1.001750e+00 
1.004974e+00 
1.000316e+00 
9.998192e-01 
9.999993e-01 
1.000147e+00 
1.001747e+00 
1.005671e+00 
1.000099e+00 
9.999216e-01 
9.999994e-01 
1.000146e+00 
1.001747e+00 
1.004951e+00 
9.998652e-01 
1.000032e+00 
9.999995e-01 
1.000144e+00 
1.001746e+00 
1.005258e+00 
1.000187e+00 
9.998854e-01 
9.999996e-01 
1.000142e+00 
1.001742e+00 
1.005276e+00 
1.000231e+00 
9.998655e-01 
9.999996e-01 
1.000139e+00 
1.001739e+00 
1.004828e+00 
1.000073e+00 
9.999386e-01 
9.999997e-01 
1.000137e+00 
1.001736e+00 
1.004748e+00 
1.000256e+00 
9.998551e-01 
9.999997e-01 
1.000134e+00 
1.001732e+00 
1.004544e+00 
1.000090e+00 
9.999317e-01 
9.999997e-01 
1.000132e+00 
1.001730e+00 
1.004071e+00 
9.999679e-01 
9.999871e-01 
1.000001e+00 
1.000293e+00 
1.002033e+00 
1.005592e+00 
1.000186e+00 
9.998617e-01 
1.000001e+00 
1.000286e+00 
1.002022e+00 
1.005757e+00 
1.000365e+00 
9.997725e-01 
1.000001e+00 
1.000280e+00 
1.002013e+00 
1.005465e+00 
1.000128e+00 
9.999000e-01 
1.000001e+00 
1.000275e+00 
1.002005e+00 
1.004796e+00 
1.000276e+00 
9.998273e-01 
1.000001e+00 
1.000270e+00 
1.001998e+00 
1.005865e+00 
9.999882e-01 
9.999813e-01 
1.000001e+00 
1.000266e+00 
1.001992e+00 
1.005309e+00 
9.999042e-01 
1.000028e+00 
1.000001e+00 
1.000262e+00 
1.001986e+00 
1.005542e+00 
1.000127e+00 
9.999141e-01 
1.000001e+00 
1.000258e+00 
1.001979e+00 
1.005352e+00 
1.000047e+00 
9.999581e-01 
1.000001e+00 
1.000253e+00 
1.001970e+00 
1.004875e+00 
1.000451e+00 
9.997478e-01 
1.000001e+00 
1.000246e+00 
1.001958e+00 
1.004796e+00 
1.000294e+00 
9.998312e-01 
1.000001e+00 
1.000240e+00 
1.001947e+00 
1.004741e+00 
1.000165e+00 
9.998999e-01 
1.000001e+00 
1.000233e+00 
1.001935e+00 
1.004567e+00 
1.000358e+00 
9.998002e-01 
1.000002e+00 
1.000435e+00 
1.002287e+00 
1.004794e+00 
1.000729e+00 
9.995679e-01 
1.000002e+00 
1.000421e+00 
1.002264e+00 
1.005100e+00 
1.000463e+00 
9.997237e-01 
1.000002e+00 
1.000409e+00 
1.002244e+00 
1.004766e+00 
1.000651e+00 
9.996105e-01 
1.000002e+00 
1.000399e+00 
1.002228e+00 
1.003850e+00 
1.000232e+00 
9.998587e-01 
1.000002e+00 
1.000392e+00 
1.002216e+00 
1.004720e+00 
1.000144e+00 
9.999113e-01 
1.000001e+00 
1.000385e+00 
1.002205e+00 
1.003931e+00 
1.000096e+00 
9.999407e-01 
1.000001e+00 
1.000379e+00 
1.002195e+00 
1.004151e+00 
1.000037e+00 
9.999777e-01 
1.000001e+00 
1.000373e+00 
1.002185e+00 
1.004090e+00 
1.000179e+00 
9.998962e-01 
1.000001e+00 
1.000366e+00 
1.002173e+00 
1.003722e+00 
1.000411e+00 
9.997614e-01 
1.000001e+00 
1.000360e+00 
1.002162e+00 
1.003927e+00 
1.000177e+00 
9.999011e-01 
1.000001e+00 
1.000356e+00 
1.002155e+00 
1.004396e+00 
1.000003e+00 
1.000006e+00 
1.000001e+00 
1.000352e+00 
1.002148e+00 
1.004776e+00 
1.000226e+00 
9.998752e-01 
1.000001e+00 
1.000555e+00 
1.002479e+00 
1.003782e+00 
1.000438e+00 
9.997533e-01 
1.000001e+00 
1.000547e+00 
1.002464e+00 
1.004582e+00 
1.000410e+00 
9.997651e-01 
1.000001e+00 
1.000536e+00 
1.002447e+00 
1.004623e+00 
1.000761e+00 
9.995269e-01 
1.000001e+00 
1.000526e+00 
1.002430e+00 
1.004140e+00 
1.000439e+00 
9.997342e-01 
1.000001e+00 
1.000518e+00 
1.002417e+00 
1.005417e+00 
1.000272e+00 
9.998416e-01 
1.000001e+00 
1.000512e+00 
1.002406e+00 
1.004931e+00 
1.000194e+00 
9.998926e-01 
1.000001e+00 
1.000507e+00 
1.002399e+00 
1.005453e+00 
1.000012e+00 
1.000013e+00 
1.000001e+00 
1.000504e+00 
1.002393e+00 
1.005732e+00 
1.000158e+00 
9.999146e-01 
1.000000e+00 
1.000502e+00 
1.002389e+00 
1.005689e+00 
9.999797e-01 
1.000032e+00 
1.000000e+00 
1.000503e+00 
1.002389e+00 
1.006155e+00 
9.998813e-01 
1.000096e+00 
1.000000e+00 
1.000505e+00 
1.002392e+00 
1.006689e+00 
9.997897e-01 
1.000153e+00 
1.000000e+00 
1.000508e+00 
1.002396e+00 
1.006902e+00 
9.998966e-01 
1.000081e+00 
9.999989e-01 
1.000666e+00 
1.002636e+00 
1.003576e+00 
9.996570e-01 
1.000303e+00 
9.999991e-01 
1.000673e+00 
1.002644e+00 
1.004600e+00 
9.999232e-01 
1.000102e+00 
9.999993e-01 
1.000677e+00 
1.002648e+00 
1.004957e+00 
1.000199e+00 
9.998942e-01 
9.999994e-01 
1.000679e+00 
1.002649e+00 
1.004959e+00 
1.000123e+00 
9.999444e-01 
9.999994e-01 
1.000684e+00 
1.002653e+00 
1.006766e+00 
9.998383e-01 
1.000151e+00 
9.999994e-01 
1.000688e+00 
1.002659e+00 
1.006725e+00 
9.997958e-01 
1.000177e+00 
9.999995e-01 
1.000693e+00 
1.002664e+00 
1.007511e+00 
9.998264e-01 
1.000149e+00 
9.999995e-01 
1.000698e+00 
1.002670e+00 
1.007808e+00 
9.998791e-01 
1.000104e+00 
9.999995e-01 
1.000703e+00 
1.002677e+00 
1.007618e+00 
9.996137e-01 
1.000295e+00 
9.999995e-01 
1.000711e+00 
1.002686e+00 
1.007770e+00 
9.996864e-01 
1.000238e+00 
9.999996e-01 
1.000717e+00 
1.002695e+00 
1.007957e+00 
9.997947e-01 
1.000154e+00 
9.999996e-01 
1.000723e+00 
1.002703e+00 
1.007860e+00 
9.997999e-01 
1.000148e+00 
9.999974e-01 
1.000794e+00 
1.002801e+00 
1.004068e+00 
9.990793e-01 
1.000762e+00 
9.999976e-01 
1.000815e+00 
1.002826e+00 
1.004906e+00 
9.994150e-01 
1.000486e+00 
9.999979e-01 
1.000833e+00 
1.002848e+00 
1.005015e+00 
9.996325e-01 
1.000307e+00 
9.999981e-01 
1.000850e+00 
1.002868e+00 
1.004618e+00 
9.996535e-01 
1.000287e+00 
9.999983e-01 
1.000867e+00 
1.002889e+00 
1.005971e+00 
9.993794e-01 
1.000510e+00 
9.999986e-01 
1.000883e+00 
1.002909e+00 
1.005522e+00 
9.994012e-01 
1.000489e+00 
9.999989e-01 
1.000896e+00 
1.002925e+00 
1.005907e+00 
9.996612e-01 
1.000272e+00 
9.999991e-01 
1.000905e+00 
1.002937e+00 
1.005868e+00 
9.996974e-01 
1.000239e+00 
9.999993e-01 
1.000915e+00 
1.002948e+00 
1.005477e+00 
9.995610e-01 
1.000348e+00 
9.999995e-01 
1.000923e+00 
1.002959e+00 
1.005425e+00 
9.997514e-01 
1.000190e+00 
9.999998e-01 
1.000927e+00 
1.002965e+00 
1.005360e+00 
9.999811e-01 
1.000001e+00 
9.999999e-01 
1.000929e+00 
1.002968e+00 
1.005022e+00 
9.999451e-01 
1.000030e+00 
9.999983e-01 
1.000934e+00 
1.002963e+00 
1.003155e+00 
9.991362e-01 
1.000725e+00 
9.999986e-01 
1.000953e+00 
1.002987e+00 
1.003493e+00 
9.994408e-01 
1.000454e+00 
9.999988e-01 
1.000969e+00 
1.003006e+00 
1.003050e+00 
9.996648e-01 
1.000254e+00 
9.999991e-01 
1.000982e+00 
1.003022e+00 
1.001975e+00 
9.997112e-01 
1.000216e+00 
9.999992e-01 
1.000994e+00 
1.003038e+00 
1.002668e+00 
9.995331e-01 
1.000381e+00 
9.999995e-01 
1.001006e+00 
1.003052e+00 
1.001731e+00 
9.995661e-01 
1.000355e+00 
9.999998e-01 
1.001015e+00 
1.003064e+00 
1.001684e+00 
9.997910e-01 
1.000154e+00 
1.000000e+00 
1.001022e+00 
1.003072e+00 
1.001363e+00 
9.997499e-01 
1.000193e+00 
1.000000e+00 
1.001027e+00 
1.003079e+00 
1.000850e+00 
9.996910e-01 
1.000250e+00 
1.000000e+00 
1.001031e+00 
1.003084e+00 
1.000688e+00 
9.999253e-01 
1.000042e+00 
1.000001e+00 
1.001030e+00 
1.003084e+00 
1.000535e+00 
1.000179e+00 
9.998151e-01 
1.000001e+00 
1.001027e+00 
1.003082e+00 
1.000227e+00 
1.000142e+00 
9.998518e-01 
1.000002e+00 
1.001013e+00 
1.003046e+00 
9.998936e-01 
9.998286e-01 
1.000086e+00 
1.000002e+00 
1.001010e+00 
1.003046e+00 
9.997833e-01 
1.000053e+00 
9.998672e-01 
1.000002e+00 
1.001005e+00 
1.003044e+00 
9.989605e-01 
1.000203e+00 
9.997239e-01 
1.000002e+00 
1.001000e+00 
1.003041e+00 
9.976097e-01 
1.000147e+00 
9.997857e-01 
1.000002e+00 
1.000996e+00 
1.003039e+00 
9.981941e-01 
1.000007e+00 
9.999323e-01 
1.000002e+00 
1.000993e+00 
1.003038e+00 
9.973550e-01 
1.000015e+00 
9.999325e-01 
1.000002e+00 
1.000989e+00 
1.003035e+00 
9.972720e-01 
1.000100e+00 
9.998546e-01 
1.000002e+00 
1.000984e+00 
1.003033e+00 
9.967774e-01 
9.999915e-01 
9.999693e-01 
1.000002e+00 
1.000981e+00 
1.003030e+00 
9.960547e-01 
9.999624e-01 
1.000005e+00 
1.000002e+00 
1.000977e+00 
1.003027e+00 
9.957522e-01 
1.000138e+00 
9.998345e-01 
1.000002e+00 
1.000971e+00 
1.003022e+00 
9.956976e-01 
1.000270e+00 
9.997099e-01 
1.000002e+00 
1.000965e+00 
1.003017e+00 
9.956993e-01 
1.000167e+00 
9.998187e-01 
1.000004e+00 
1.000931e+00 
1.002968e+00 
9.945431e-01 
1.000515e+00 
9.993863e-01 
1.000004e+00 
1.000904e+00 
1.002946e+00 
9.947254e-01 
1.000683e+00 
9.992056e-01 
1.000004e+00 
1.000878e+00 
1.002923e+00 
9.942421e-01 
1.000724e+00 
9.991629e-01 
1.000004e+00 
1.000854e+00 
1.002902e+00 
9.931601e-01 
1.000538e+00 
9.993724e-01 
1.000004e+00 
1.000834e+00 
1.002885e+00 
9.938836e-01 
1.000416e+00 
9.995116e-01 
1.000003e+00 
1.000816e+00 
1.002870e+00 
9.931819e-01 
1.000418e+00 
9.995133e-01 
1.000003e+00 
1.000799e+00 
1.002855e+00 
9.930663e-01 
1.000391e+00 
9.995480e-01 
1.000003e+00 
1.000784e+00 
1.002842e+00 
9.926155e-01 
1.000232e+00 
9.997291e-01 
1.000003e+00 
1.000772e+00 
1.002832e+00 
9.921597e-01 
1.000204e+00 
9.997653e-01 
1.000002e+00 
1.000762e+00 
1.002822e+00 
9.921703e-01 
1.000289e+00 
9.996752e-01 
1.000002e+00 
1.000752e+00 
1.002814e+00 
9.923146e-01 
1.000307e+00 
9.996594e-01 
1.000002e+00 
1.000745e+00 
1.002807e+00 
9.922978e-01 
1.000182e+00 
9.997986e-01 
1.000005e+00 
1.000599e+00 
1.002682e+00 
9.879491e-01 
1.000578e+00 
9.993376e-01 
1.000004e+00 
1.000571e+00 
1.002658e+00 
9.887661e-01 
1.000733e+00 
9.991463e-01 
1.000004e+00 
1.000542e+00 
1.002633e+00 
9.889754e-01 
1.000727e+00 
9.991517e-01 
1.000004e+00 
1.000516e+00 
1.002611e+00 
9.884512e-01 
1.000557e+00 
9.993582e-01 
1.000004e+00 
1.000493e+00 
1.002591e+00 
9.895318e-01 
1.000532e+00 
9.993889e-01 
1.000003e+00 
1.000471e+00 
1.002572e+00 
9.892601e-01 
1.000562e+00 
9.993474e-01 
1.000003e+00 
1.000450e+00 
1.002554e+00 
9.895625e-01 
1.000467e+00 
9.994592e-01 
1.000003e+00 
1.000434e+00 
1.002540e+00 
9.896086e-01 
1.000249e+00 
9.997247e-01 
1.000002e+00 
1.000421e+00 
1.002529e+00 
9.895668e-01 
1.000236e+00 
9.997406e-01 
1.000002e+00 
1.000410e+00 
1.002519e+00 
9.897116e-01 
1.000286e+00 
9.996784e-01 
1.000002e+00 
1.000400e+00 
1.002510e+00 
9.898633e-01 
1.000305e+00 
9.996512e-01 
1.000002e+00 
1.000392e+00 
1.002503e+00 
9.898833e-01 
1.000240e+00 
9.997289e-01 
1.000002e+00 
9.999913e-01 
1.002209e+00 
9.825497e-01 
1.000169e+00 
9.998815e-01 
1.000002e+00 
9.999838e-01 
1.002201e+00 
9.835133e-01 
1.000323e+00 
9.996659e-01 
1.000002e+00 
9.999762e-01 
1.002193e+00 
9.840578e-01 
1.000207e+00 
9.998187e-01 
1.000001e+00 
9.999708e-01 
1.002187e+00 
9.839340e-01 
1.000133e+00 
9.999130e-01 
1.000001e+00 
9.999653e-01 
1.002180e+00 
9.854186e-01 
1.000176e+00 
9.998480e-01 
1.000001e+00 
9.999592e-01 
1.002174e+00 
9.858143e-01 
1.000232e+00 
9.997665e-01 
1.000001e+00 
9.999524e-01 
1.002167e+00 
9.866500e-01 
1.000214e+00 
9.997830e-01 
1.000001e+00 
9.999469e-01 
1.002161e+00 
9.869705e-01 
1.000066e+00 
9.999777e-01 
1.000001e+00 
9.999415e-01 
1.002156e+00 
9.870722e-01 
1.000131e+00 
9.998837e-01 
1.000001e+00 
9.999358e-01 
1.002150e+00 
9.873233e-01 
1.000151e+00 
9.998504e-01 
1.000001e+00 
9.999303e-01 
1.002145e+00 
9.876293e-01 
1.000194e+00 
9.997864e-01 
1.000001e+00 
9.999258e-01 
1.002140e+00 
9.877810e-01 
1.000187e+00 
9.997896e-01 
9.999982e-01 
9.992022e-01 
1.001656e+00 
9.808368e-01 
9.997757e-01 
1.000449e+00 
9.999983e-01 
9.992162e-01 
1.001663e+00 
9.816062e-01 
9.999489e-01 
1.000178e+00 
9.999982e-01 
9.992319e-01 
1.001671e+00 
9.819568e-01 
9.996780e-01 
1.000576e+00 
9.999983e-01 
9.992505e-01 
1.001682e+00 
9.815645e-01 
9.997480e-01 
1.000463e+00 
9.999983e-01 
9.992677e-01 
1.001691e+00 
9.825783e-01 
9.997951e-01 
1.000389e+00 
9.999984e-01 
9.992826e-01 
1.001700e+00 
9.825953e-01 
9.998338e-01 
1.000327e+00 
9.999986e-01 
9.992935e-01 
1.001705e+00 
9.830644e-01 
9.999241e-01 
1.000188e+00 
9.999986e-01 
9.993021e-01 
1.001709e+00 
9.833997e-01 
9.998487e-01 
1.000297e+00 
9.999987e-01 
9.993103e-01 
1.001713e+00 
9.838734e-01 
9.998790e-01 
1.000248e+00 
9.999988e-01 
9.993182e-01 
1.001717e+00 
9.842928e-01 
9.999082e-01 
1.000199e+00 
9.999990e-01 
9.993240e-01 
1.001720e+00 
9.844547e-01 
1.000025e+00 
1.000018e+00 
9.999991e-01 
9.993259e-01 
1.001720e+00 
9.843205e-01 
1.000102e+00 
9.998972e-01 
9.999959e-01 
9.983936e-01 
1.001148e+00 
9.828440e-01 
9.996134e-01 
1.000693e+00 
9.999962e-01 
9.984192e-01 
1.001163e+00 
9.832189e-01 
9.997688e-01 
1.000425e+00 
9.999963e-01 
9.984423e-01 
1.001176e+00 
9.830308e-01 
9.996237e-01 
1.000665e+00 
9.999966e-01 
9.984639e-01 
1.001188e+00 
9.820948e-01 
9.997798e-01 
1.000402e+00 
9.999967e-01 
9.984815e-01 
1.001198e+00 
9.823406e-01 
9.998237e-01 
1.000327e+00 
9.999968e-01 
9.984980e-01 
1.001207e+00 
9.819315e-01 
9.997879e-01 
1.000388e+00 
9.999969e-01 
9.985155e-01 
1.001217e+00 
9.823317e-01 
9.998118e-01 
1.000349e+00 
9.999970e-01 
9.985334e-01 
1.001227e+00 
9.826310e-01 
9.997712e-01 
1.000417e+00 
9.999971e-01 
9.985525e-01 
1.001238e+00 
9.827038e-01 
9.996540e-01 
1.000617e+00 
9.999973e-01 
9.985703e-01 
1.001248e+00 
9.825125e-01 
9.997596e-01 
1.000438e+00 
9.999975e-01 
9.985838e-01 
1.001255e+00 
9.822796e-01 
9.998776e-01 
1.000240e+00 
9.999977e-01 
9.985940e-01 
1.001260e+00 
9.822150e-01 
9.999196e-01 
1.000169e+00 
9.999962e-01 
9.976977e-01 
1.000760e+00 
9.863580e-01 
9.997766e-01 
1.000373e+00 
9.999963e-01 
9.977168e-01 
1.000771e+00 
9.862862e-01 
9.996371e-01 
1.000648e+00 
9.999966e-01 
9.977320e-01 
1.000779e+00 
9.860589e-01 
9.998513e-01 
1.000246e+00 
9.999967e-01 
9.977431e-01 
1.000786e+00 
9.853353e-01 
9.998111e-01 
1.000330e+00 
9.999968e-01 
9.977544e-01 
1.000792e+00 
9.859767e-01 
9.998528e-01 
1.000252e+00 
9.999968e-01 
9.977666e-01 
1.000799e+00 
9.861200e-01 
9.998381e-01 
1.000282e+00 
9.999969e-01 
9.977809e-01 
1.000807e+00 
9.864535e-01 
9.998010e-01 
1.000353e+00 
9.999970e-01 
9.977951e-01 
1.000815e+00 
9.860782e-01 
9.998653e-01 
1.000233e+00 
9.999970e-01 
9.978098e-01 
1.000823e+00 
9.854862e-01 
9.997234e-01 
1.000503e+00 
9.999971e-01 
9.978253e-01 
1.000832e+00 
9.849948e-01 
9.997925e-01 
1.000375e+00 
9.999972e-01 
9.978385e-01 
1.000839e+00 
9.847596e-01 
9.998203e-01 
1.000325e+00 
9.999973e-01 
9.978528e-01 
1.000847e+00 
9.847609e-01 
9.997298e-01 
1.000501e+00 
9.999984e-01 
9.971622e-01 
1.000497e+00 
9.899115e-01 
1.000026e+00 
9.998404e-01 
9.999981e-01 
9.971628e-01 
1.000498e+00 
9.898344e-01 
9.996504e-01 
1.000673e+00 
9.999982e-01 
9.971682e-01 
1.000502e+00 
9.898911e-01 
9.998576e-01 
1.000232e+00 
9.999980e-01 
9.971722e-01 
1.000505e+00 
9.894833e-01 
9.997727e-01 
1.000420e+00 
9.999980e-01 
9.971807e-01 
1.000510e+00 
9.900358e-01 
9.997641e-01 
1.000443e+00 
9.999981e-01 
9.971873e-01 
1.000514e+00 
9.898212e-01 
9.999382e-01 
1.000064e+00 
9.999981e-01 
9.971923e-01 
1.000517e+00 
9.897470e-01 
9.998914e-01 
1.000166e+00 
9.999982e-01 
9.971988e-01 
1.000521e+00 
9.892895e-01 
9.998788e-01 
1.000194e+00 
9.999983e-01 
9.972031e-01 
1.000524e+00 
9.888288e-01 
9.999817e-01 
9.999688e-01 
9.999983e-01 
9.972074e-01 
1.000528e+00 
9.885270e-01 
9.998812e-01 
1.000188e+00 
9.999983e-01 
9.972134e-01 
1.000531e+00 
9.884540e-01 
9.998603e-01 
1.000236e+00 
9.999983e-01 
9.972203e-01 
1.000536e+00 
9.881744e-01 
9.997946e-01 
1.000381e+00 
1.000000e+00 
9.967323e-01 
1.000313e+00 
9.913222e-01 
1.000071e+00 
9.997603e-01 
1.000000e+00 
9.967187e-01 
1.000308e+00 
9.915022e-01 
1.000021e+00 
9.998763e-01 
9.999999e-01 
9.967135e-01 
1.000307e+00 
9.912140e-01 
9.998031e-01 
1.000419e+00 
1.000000e+00 
9.967107e-01 
1.000307e+00 
9.905970e-01 
9.999766e-01 
9.999748e-01 
9.999999e-01 
9.967077e-01 
1.000307e+00 
9.907052e-01 
9.999417e-01 
1.000059e+00 
1.000000e+00 
9.967062e-01 
1.000308e+00 
9.907552e-01 
1.000046e+00 
9.997900e-01 
9.999999e-01 
9.967031e-01 
1.000308e+00 
9.910489e-01 
1.000018e+00 
9.998570e-01 
9.999999e-01 
9.967039e-01 
1.000310e+00 
9.905769e-01 
9.999031e-01 
1.000149e+00 
1.000000e+00 
9.967035e-01 
1.000311e+00 
9.902246e-01 
1.000121e+00 
9.996010e-01 
1.000000e+00 
9.966993e-01 
1.000310e+00 
9.901731e-01 
1.000008e+00 
9.998887e-01 
1.000000e+00 
9.966993e-01 
1.000312e+00 
9.903007e-01 
9.998459e-01 
1.000299e+00 
1.000000e+00 
9.966989e-01 
1.000313e+00 
9.903836e-01 
9.999417e-01 
1.000058e+00 
1.000001e+00 
9.963228e-01 
1.000163e+00 
9.917707e-01 
9.999568e-01 
1.000103e+00 
1.000001e+00 
9.963250e-01 
1.000164e+00 
9.921303e-01 
1.000046e+00 
9.998096e-01 
1.000001e+00 
9.963239e-01 
1.000165e+00 
9.925598e-01 
9.999742e-01 
1.000005e+00 
1.000001e+00 
9.963245e-01 
1.000166e+00 
9.928857e-01 
9.999663e-01 
1.000017e+00 
1.000002e+00 
9.963202e-01 
1.000166e+00 
9.936177e-01 
1.000176e+00 
9.993801e-01 
1.000002e+00 
9.963138e-01 
1.000165e+00 
9.937970e-01 
1.000044e+00 
9.997739e-01 
1.000002e+00 
9.963105e-01 
1.000165e+00 
9.939946e-01 
1.000082e+00 
9.996609e-01 
1.000002e+00 
9.963032e-01 
1.000163e+00 
9.933970e-01 
1.000161e+00 
9.994223e-01 
1.000002e+00 
9.962933e-01 
1.000161e+00 
9.928397e-01 
1.000129e+00 
9.995206e-01 
1.000002e+00 
9.962833e-01 
1.000159e+00 
9.926985e-01 
1.000118e+00 
9.995553e-01 
1.000002e+00 
9.962788e-01 
1.000158e+00 
9.928803e-01 
9.998829e-01 
1.000262e+00 
1.000002e+00 
9.962780e-01 
1.000159e+00 
9.929491e-01 
9.999684e-01 
1.000009e+00 
1.000002e+00 
9.960487e-01 
1.000080e+00 
9.973087e-01 
9.998405e-01 
1.000423e+00 
1.000002e+00 
9.960696e-01 
1.000087e+00 
9.972162e-01 
9.998001e-01 
1.000594e+00 
1.000002e+00 
9.960814e-01 
1.000091e+00 
9.974736e-01 
9.999797e-01 
9.999552e-01 
1.000003e+00 
9.960836e-01 
1.000093e+00 
9.972431e-01 
9.999831e-01 
9.999611e-01 
1.000003e+00 
9.960823e-01 
1.000093e+00 
9.969871e-01 
1.000063e+00 
9.996845e-01 
1.000003e+00 
9.960731e-01 
1.000091e+00 
9.967537e-01 
1.000109e+00 
9.995271e-01 
1.000003e+00 
9.960620e-01 
1.000089e+00 
9.966382e-01 
1.000049e+00 
9.997577e-01 
1.000003e+00 
9.960461e-01 
1.000085e+00 
9.960281e-01 
1.000216e+00 
9.991600e-01 
1.000003e+00 
9.960256e-01 
1.000080e+00 
9.961250e-01 
1.000165e+00 
9.993494e-01 
1.000003e+00 
9.960126e-01 
1.000076e+00 
9.967059e-01 
9.999899e-01 
9.999900e-01 
1.000003e+00 
9.960032e-01 
1.000074e+00 
9.967593e-01 
1.000020e+00 
9.998813e-01 
1.000003e+00 
9.959921e-01 
1.000072e+00 
9.959960e-01 
1.000066e+00 
9.997104e-01 
1.000005e+00 
9.960253e-01 
1.000074e+00 
1.000865e+00 
1.000075e+00 
9.994339e-01 
1.000004e+00 
9.960013e-01 
1.000070e+00 
9.996976e-01 
1.000099e+00 
9.993869e-01 
1.000004e+00 
9.959796e-01 
1.000067e+00 
9.985043e-01 
1.000042e+00 
9.997130e-01 
1.000004e+00 
9.959571e-01 
1.000062e+00 
9.975327e-01 
1.000150e+00 
9.992531e-01 
1.000004e+00 
9.959359e-01 
1.000058e+00 
9.970240e-01 
1.000059e+00 
9.997143e-01 
1.000004e+00 
9.959199e-01 
1.000054e+00 
9.967856e-01 
1.000042e+00 
9.998284e-01 
1.000003e+00 
9.959023e-01 
1.000050e+00 
9.969637e-01 
1.000059e+00 
9.997726e-01 
1.000003e+00 
9.958875e-01 
1.000046e+00 
9.971686e-01 
1.000021e+00 
9.999660e-01 
1.000003e+00 
9.958732e-01 
1.000043e+00 
9.978009e-01 
1.000109e+00 
9.995549e-01 
1.000003e+00 
9.958584e-01 
1.000039e+00 
9.979676e-01 
1.000038e+00 
9.998790e-01 
1.000003e+00 
9.958469e-01 
1.000036e+00 
9.975681e-01 
1.000020e+00 
9.999650e-01 
1.000003e+00 
9.958284e-01 
1.000032e+00 
9.971249e-01 
1.000185e+00 
9.991949e-01 
1.000006e+00 
9.959854e-01 
1.000067e+00 
9.959395e-01 
1.000388e+00 
9.977526e-01 
1.000005e+00 
9.959227e-01 
1.000056e+00 
9.968876e-01 
1.000285e+00 
9.984302e-01 
1.000004e+00 
9.958738e-01 
1.000047e+00 
9.974250e-01 
1.000230e+00 
9.987964e-01 
1.000004e+00 
9.958365e-01 
1.000040e+00 
9.973963e-01 
1.000160e+00 
9.992508e-01 
1.000003e+00 
9.958035e-01 
1.000033e+00 
9.975611e-01 
1.000231e+00 
9.987719e-01 
1.000003e+00 
9.957802e-01 
1.000028e+00 
9.972421e-01 
1.000041e+00 
1.000008e+00 
1.000002e+00 
9.957691e-01 
1.000025e+00 
9.978463e-01 
1.000049e+00 
9.999480e-01 
1.000002e+00 
9.957570e-01 
1.000022e+00 
9.979078e-01 
1.000098e+00 
9.996263e-01 
1.000002e+00 
9.957457e-01 
1.000019e+00 
9.975616e-01 
1.000074e+00 
9.997728e-01 
1.000002e+00 
9.957309e-01 
1.000015e+00 
9.975102e-01 
1.000175e+00 
9.991196e-01 
1.000002e+00 
9.957136e-01 
1.000011e+00 
9.972310e-01 
1.000077e+00 
9.997567e-01 
1.000002e+00 
9.957035e-01 
1.000008e+00 
9.972555e-01 
1.000074e+00 
9.997758e-01 
1.000001e+00 
9.956708e-01 
1.000028e+00 
9.916307e-01 
1.000192e+00 
9.992598e-01 
1.000000e+00 
9.956548e-01 
1.000023e+00 
9.937354e-01 
1.000171e+00 
9.993021e-01 
9.999999e-01 
9.956498e-01 
1.000019e+00 
9.943021e-01 
1.000096e+00 
9.999508e-01 
9.999998e-01 
9.956457e-01 
1.000016e+00 
9.955572e-01 
1.000150e+00 
9.992628e-01 
9.999996e-01 
9.956388e-01 
1.000013e+00 
9.963620e-01 
1.000110e+00 
9.995903e-01 
9.999995e-01 
9.956333e-01 
1.000010e+00 
9.966503e-01 
1.000077e+00 
9.998468e-01 
9.999993e-01 
9.956323e-01 
1.000008e+00 
9.974224e-01 
1.000046e+00 
1.000133e+00 
9.999993e-01 
9.956322e-01 
1.000006e+00 
9.972956e-01 
1.000080e+00 
9.997301e-01 
9.999993e-01 
9.956279e-01 
1.000004e+00 
9.977876e-01 
1.000099e+00 
9.994937e-01 
9.999990e-01 
9.956316e-01 
1.000003e+00 
9.986279e-01 
9.999859e-01 
1.000708e+00 
9.999992e-01 
9.956369e-01 
1.000002e+00 
9.988497e-01 
1.000059e+00 
9.999222e-01 
9.999991e-01 
9.956356e-01 
1.000000e+00 
9.991038e-01 
1.000049e+00 
1.000001e+00 
9.999936e-01 
9.952454e-01 
1.000001e+00 
9.929638e-01 
1.000007e+00 
1.001950e+00 
9.999941e-01 
9.953066e-01 
1.000000e+00 
9.945210e-01 
1.000004e+00 
1.001724e+00 
9.999946e-01 
9.953569e-01 
1.000000e+00 
9.951832e-01 
1.000012e+00 
1.001190e+00 
9.999950e-01 
9.954000e-01 
1.000000e+00 
9.955387e-01 
1.000009e+00 
1.001101e+00 
9.999955e-01 
9.954358e-01 
1.000000e+00 
9.955448e-01 
1.000018e+00 
1.000656e+00 
9.999955e-01 
9.954715e-01 
1.000000e+00 
9.967100e-01 
9.999882e-01 
1.001449e+00 
9.999959e-01 
9.955065e-01 
1.000000e+00 
9.984392e-01 
1.000001e+00 
1.000970e+00 
9.999962e-01 
9.955318e-01 
1.000000e+00 
9.989431e-01 
1.000011e+00 
1.000604e+00 
9.999964e-01 
9.955507e-01 
9.999998e-01 
9.994090e-01 
1.000012e+00 
1.000482e+00 
9.999962e-01 
9.955762e-01 
9.999997e-01 
9.991166e-01 
9.999705e-01 
1.001655e+00 
9.999963e-01 
9.956106e-01 
1.000000e+00 
9.989583e-01 
9.999724e-01 
1.001606e+00 
9.999967e-01 
9.956376e-01 
1.000000e+00 
1.000036e+00 
1.000003e+00 
1.000615e+00 
9.958146e-01 
9.999994e-01 
9.959213e-01 
1.000121e+00 
9.999991e-01 
9.959266e-01 
1.000065e+00 
9.999987e-01 
9.959063e-01 
1.000650e+00 
9.999983e-01 
9.958665e-01 
1.001273e+00 
9.999980e-01 
9.958242e-01 
1.000828e+00 
9.999978e-01 
9.957991e-01 
9.992025e-01 
9.999975e-01 
9.957716e-01 
1.000571e+00 
9.999973e-01 
9.957288e-01 
1.000147e+00 
9.999970e-01 
9.957085e-01 
9.991151e-01 
9.958414e-01 
9.999988e-01 
1.003604e+00 
9.999996e-01 
9.958509e-01 
9.999996e-01 
1.002194e+00 
1.000009e+00 
9.999310e-01 
9.999990e-01 
9.958437e-01 
9.999997e-01 
1.003591e+00 
9.999833e-01 
1.000709e+00 
9.999985e-01 
9.958253e-01 
9.999996e-01 
1.003200e+00 
9.999784e-01 
1.000966e+00 
9.999983e-01 
9.958038e-01 
9.999996e-01 
1.002225e+00 
9.999972e-01 
1.000502e+00 
9.999981e-01 
9.957846e-01 
9.999998e-01 
1.001867e+00 
1.000006e+00 
1.000277e+00 
9.999978e-01 
9.957618e-01 
9.999998e-01 
1.001842e+00 
9.999960e-01 
1.000602e+00 
9.999975e-01 
9.957353e-01 
9.999998e-01 
1.001258e+00 
9.999909e-01 
1.000785e+00 
9.999974e-01 
9.957097e-01 
9.999998e-01 
1.000722e+00 
1.000006e+00 
1.000305e+00 
9.999971e-01 
9.956849e-01 
9.999999e-01 
1.000518e+00 
1.000001e+00 
1.000568e+00 
9.956776e-01 
9.999883e-01 
1.004606e+00 
9.999999e-01 
9.956779e-01 
9.999886e-01 
1.003559e+00 
1.000012e+00 
9.999573e-01 
9.999997e-01 
9.956751e-01 
9.999890e-01 
1.003495e+00 
9.999891e-01 
1.000293e+00 
9.999997e-01 
9.956732e-01 
9.999898e-01 
1.002730e+00 
1.000015e+00 
1.000074e+00 
9.999996e-01 
9.956745e-01 
9.999912e-01 
1.002863e+00 
1.000030e+00 
9.999365e-01 
9.999995e-01 
9.956754e-01 
9.999928e-01 
1.002704e+00 
1.000053e+00 
9.997344e-01 
9.999994e-01 
9.956745e-01 
9.999943e-01 
1.001945e+00 
1.000033e+00 
9.999897e-01 
9.999992e-01 
9.956706e-01 
9.999956e-01 
1.001038e+00 
1.000015e+00 
1.000200e+00 
9.999990e-01 
9.956606e-01 
9.999965e-01 
1.000503e+00 
9.999949e-01 
1.000435e+00 
9.999992e-01 
9.956532e-01 
9.999978e-01 
1.000112e+00 
1.000083e+00 
9.995504e-01 
9.955765e-01 
9.999757e-01 
1.000362e+00 
1.000000e+00 
9.955818e-01 
9.999767e-01 
1.000208e+00 
1.000049e+00 
9.997294e-01 
1.000000e+00 
9.955903e-01 
9.999785e-01 
1.000322e+00 
1.000005e+00 
1.000044e+00 
1.000001e+00 
9.955994e-01 
9.999807e-01 
1.000637e+00 
9.999949e-01 
1.000134e+00 
1.000001e+00 
9.956080e-01 
9.999830e-01 
1.000542e+00 
9.999960e-01 
1.000151e+00 
1.000001e+00 
9.956199e-01 
9.999859e-01 
1.000038e+00 
1.000040e+00 
9.998848e-01 
1.000001e+00 
9.956340e-01 
9.999893e-01 
9.995693e-01 
9.999953e-01 
1.000202e+00 
1.000001e+00 
9.956456e-01 
9.999925e-01 
9.995128e-01 
9.999669e-01 
1.000411e+00 
1.000001e+00 
9.956570e-01 
9.999960e-01 
9.995605e-01 
9.999955e-01 
1.000261e+00 
1.000001e+00 
9.956703e-01 
9.999999e-01 
9.989179e-01 
1.000087e+00 
9.996758e-01 
9.956552e-01 
9.999902e-01 
9.966605e-01 
1.000000e+00 
9.956584e-01 
9.999909e-01 
9.970025e-01 
1.000109e+00 
9.994982e-01 
1.000001e+00 
9.956639e-01 
9.999922e-01 
9.971607e-01 
1.000060e+00 
9.997324e-01 
1.000001e+00 
9.956712e-01 
9.999940e-01 
9.972934e-01 
1.000074e+00 
9.996756e-01 
1.000002e+00 
9.956824e-01 
9.999967e-01 
9.970586e-01 
1.000089e+00 
9.996134e-01 
1.000002e+00 
9.956973e-01 
1.000000e+00 
9.971609e-01 
1.000104e+00 
9.995474e-01 
1.000002e+00 
9.957143e-01 
1.000004e+00 
9.972863e-01 
1.000090e+00 
9.996240e-01 
1.000002e+00 
9.957310e-01 
1.000008e+00 
9.974344e-01 
1.000055e+00 
9.998001e-01 
1.000003e+00 
9.957503e-01 
1.000013e+00 
9.973911e-01 
1.000100e+00 
9.995916e-01 
1.000003e+00 
9.957767e-01 
1.000019e+00 
9.971738e-01 
1.000181e+00 
9.992097e-01 
9.958809e-01 
1.000045e+00 
9.950939e-01 
1.000000e+00 
9.958834e-01 
1.000046e+00 
9.948524e-01 
1.000115e+00 
9.995759e-01 
1.000001e+00 
9.958861e-01 
1.000047e+00 
9.945829e-01 
1.000006e+00 
9.999667e-01 
1.000001e+00 
9.958891e-01 
1.000047e+00 
9.945927e-01 
9.999924e-01 
1.000007e+00 
1.000001e+00 
9.958969e-01 
1.000049e+00 
9.946841e-01 
9.999962e-01 
9.999896e-01 
1.000002e+00 
9.959060e-01 
1.000051e+00 
9.948828e-01 
9.999730e-01 
1.000071e+00 
1.000002e+00 
9.959182e-01 
1.000054e+00 
9.948790e-01 
9.999881e-01 
1.000013e+00 
1.000002e+00 
9.959324e-01 
1.000058e+00 
9.949550e-01 
9.999544e-01 
1.000131e+00 
1.000002e+00 
9.959473e-01 
1.000061e+00 
9.951541e-01 
9.999830e-01 
1.000021e+00 
1.000003e+00 
9.959630e-01 
1.000065e+00 
9.952382e-01 
1.000043e+00 
9.997931e-01 
9.962142e-01 
1.000146e+00 
9.921306e-01 
1.000000e+00 
9.962182e-01 
1.000148e+00 
9.920880e-01 
1.000146e+00 
9.995543e-01 
1.000000e+00 
9.962244e-01 
1.000150e+00 
9.919759e-01 
1.000033e+00 
9.998844e-01 
1.000001e+00 
9.962270e-01 
1.000150e+00 
9.920351e-01 
9.999480e-01 
1.000122e+00 
1.000001e+00 
9.962308e-01 
1.000151e+00 
9.920063e-01 
9.999774e-01 
1.000024e+00 
1.000001e+00 
9.962368e-01 
1.000152e+00 
9.919961e-01 
9.999546e-01 
1.000084e+00 
1.000001e+00 
9.962437e-01 
1.000153e+00 
9.922146e-01 
9.999290e-01 
1.000150e+00 
1.000001e+00 
9.962501e-01 
1.000154e+00 
9.926226e-01 
9.998865e-01 
1.000272e+00 
1.000001e+00 
9.962566e-01 
1.000155e+00 
9.928583e-01 
9.999370e-01 
1.000117e+00 
1.000001e+00 
9.962637e-01 
1.000156e+00 
9.925401e-01 
9.999769e-01 
9.999919e-01 
9.966865e-01 
1.000319e+00 
9.881383e-01 
1.000000e+00 
9.966900e-01 
1.000320e+00 
9.886986e-01 
1.000125e+00 
9.996725e-01 
1.000000e+00 
9.966942e-01 
1.000321e+00 
9.887902e-01 
1.000041e+00 
9.998750e-01 
1.000000e+00 
9.966943e-01 
1.000321e+00 
9.889794e-01 
9.998976e-01 
1.000227e+00 
1.000000e+00 
9.966937e-01 
1.000320e+00 
9.892223e-01 
9.999209e-01 
1.000157e+00 
1.000000e+00 
9.966927e-01 
1.000318e+00 
9.893525e-01 
9.998727e-01 
1.000269e+00 
9.999999e-01 
9.966906e-01 
1.000316e+00 
9.896686e-01 
9.998267e-01 
1.000378e+00 
1.000000e+00 
9.966885e-01 
1.000314e+00 
9.897123e-01 
9.998236e-01 
1.000381e+00 
1.000000e+00 
9.966881e-01 
1.000313e+00 
9.898559e-01 
9.998910e-01 
1.000201e+00 
1.000000e+00 
9.966920e-01 
1.000313e+00 
9.898606e-01 
9.999745e-01 
9.999845e-01 
9.972953e-01 
1.000579e+00 
9.850518e-01 
9.999999e-01 
9.972959e-01 
1.000579e+00 
9.859578e-01 
1.000095e+00 
9.997812e-01 
9.999997e-01 
9.972964e-01 
1.000579e+00 
9.860192e-01 
1.000048e+00 
9.998793e-01 
9.999995e-01 
9.972933e-01 
1.000577e+00 
9.860777e-01 
9.999106e-01 
1.000174e+00 
9.999993e-01 
9.972871e-01 
1.000574e+00 
9.862071e-01 
9.998989e-01 
1.000193e+00 
9.999991e-01 
9.972798e-01 
1.000570e+00 
9.861845e-01 
9.998395e-01 
1.000316e+00 
9.999989e-01 
9.972711e-01 
1.000565e+00 
9.862920e-01 
9.998193e-01 
1.000357e+00 
9.999988e-01 
9.972624e-01 
1.000560e+00 
9.863803e-01 
9.998313e-01 
1.000324e+00 
9.999986e-01 
9.972520e-01 
1.000554e+00 
9.868953e-01 
9.998175e-01 
1.000345e+00 
9.999985e-01 
9.972416e-01 
1.000548e+00 
9.872011e-01 
9.998978e-01 
1.000162e+00 
9.979838e-01 
1.000918e+00 
9.839538e-01 
9.999997e-01 
9.979839e-01 
1.000918e+00 
9.846615e-01 
1.000055e+00 
9.998880e-01 
9.999995e-01 
9.979811e-01 
1.000916e+00 
9.847027e-01 
1.000022e+00 
9.999498e-01 
9.999992e-01 
9.979772e-01 
1.000914e+00 
9.847316e-01 
9.999327e-01 
1.000121e+00 
9.999989e-01 
9.979707e-01 
1.000910e+00 
9.847829e-01 
9.998898e-01 
1.000203e+00 
9.999987e-01 
9.979626e-01 
1.000905e+00 
9.847694e-01 
9.998320e-01 
1.000314e+00 
9.999984e-01 
9.979514e-01 
1.000899e+00 
9.847763e-01 
9.998002e-01 
1.000373e+00 
9.999981e-01 
9.979372e-01 
1.000892e+00 
9.849474e-01 
9.997732e-01 
1.000423e+00 
9.999978e-01 
9.979183e-01 
1.000882e+00 
9.850713e-01 
9.997128e-01 
1.000538e+00 
9.999976e-01 
9.978950e-01 
1.000869e+00 
9.849323e-01 
9.997486e-01 
1.000468e+00 
9.986882e-01 
1.001311e+00 
9.842555e-01 
9.999997e-01 
9.986834e-01 
1.001308e+00 
9.846579e-01 
9.999818e-01 
1.000030e+00 
9.999994e-01 
9.986784e-01 
1.001305e+00 
9.847040e-01 
9.999557e-01 
1.000077e+00 
9.999992e-01 
9.986733e-01 
1.001302e+00 
9.847281e-01 
9.999079e-01 
1.000161e+00 
9.999990e-01 
9.986666e-01 
1.001298e+00 
9.847910e-01 
9.998556e-01 
1.000253e+00 
9.999988e-01 
9.986591e-01 
1.001294e+00 
9.848239e-01 
9.998240e-01 
1.000310e+00 
9.999986e-01 
9.986514e-01 
1.001290e+00 
9.847542e-01 
9.998032e-01 
1.000350e+00 
9.999984e-01 
9.986415e-01 
1.001285e+00 
9.846402e-01 
9.997943e-01 
1.000370e+00 
9.999982e-01 
9.986306e-01 
1.001279e+00 
9.842443e-01 
9.997819e-01 
1.000397e+00 
9.999980e-01 
9.986176e-01 
1.001273e+00 
9.835393e-01 
9.998004e-01 
1.000369e+00 
9.993374e-01 
1.001718e+00 
9.873890e-01 
9.999998e-01 
9.993347e-01 
1.001717e+00 
9.861124e-01 
9.999815e-01 
1.000034e+00 
9.999997e-01 
9.993308e-01 
1.001715e+00 
9.857398e-01 
9.999852e-01 
1.000034e+00 
9.999996e-01 
9.993276e-01 
1.001713e+00 
9.855125e-01 
9.999600e-01 
1.000076e+00 
9.999995e-01 
9.993250e-01 
1.001712e+00 
9.854200e-01 
9.999095e-01 
1.000155e+00 
9.999994e-01 
9.993230e-01 
1.001711e+00 
9.853391e-01 
9.998935e-01 
1.000182e+00 
9.999994e-01 
9.993220e-01 
1.001711e+00 
9.852409e-01 
9.998952e-01 
1.000184e+00 
9.999993e-01 
9.993216e-01 
1.001712e+00 
9.851062e-01 
9.999183e-01 
1.000155e+00 
9.999993e-01 
9.993215e-01 
1.001713e+00 
9.848493e-01 
9.999574e-01 
1.000102e+00 
9.999992e-01 
9.993224e-01 
1.001715e+00 
9.844371e-01 
9.999779e-01 
1.000077e+00 
9.998865e-01 
1.002103e+00 
9.895958e-01 
1.000000e+00 
9.998882e-01 
1.002105e+00 
9.878000e-01 
1.000084e+00 
9.998926e-01 
1.000000e+00 
9.998918e-01 
1.002108e+00 
9.877222e-01 
1.000102e+00 
9.998733e-01 
1.000000e+00 
9.998950e-01 
1.002111e+00 
9.877364e-01 
1.000055e+00 
9.999384e-01 
1.000000e+00 
9.998977e-01 
1.002113e+00 
9.878416e-01 
9.999997e-01 
1.000016e+00 
1.000000e+00 
9.998997e-01 
1.002115e+00 
9.878923e-01 
9.999805e-01 
1.000044e+00 
1.000000e+00 
9.999016e-01 
1.002117e+00 
9.878930e-01 
9.999878e-01 
1.000037e+00 
1.000000e+00 
9.999049e-01 
1.002121e+00 
9.878199e-01 
1.000019e+00 
9.999988e-01 
1.000000e+00 
9.999106e-01 
1.002126e+00 
9.877228e-01 
1.000057e+00 
9.999500e-01 
1.000000e+00 
9.999173e-01 
1.002132e+00 
9.876650e-01 
1.000059e+00 
9.999515e-01 
1.000357e+00 
1.002469e+00 
9.894354e-01 
1.000000e+00 
1.000360e+00 
1.002472e+00 
9.891084e-01 
1.000088e+00 
9.998949e-01 
1.000000e+00 
1.000363e+00 
1.002475e+00 
9.895046e-01 
1.000094e+00 
9.998899e-01 
1.000000e+00 
1.000366e+00 
1.002477e+00 
9.896124e-01 
1.000038e+00 
9.999606e-01 
1.000000e+00 
1.000366e+00 
1.002478e+00 
9.896679e-01 
1.000001e+00 
1.000009e+00 
1.000000e+00 
1.000366e+00 
1.002478e+00 
9.896600e-01 
9.999905e-01 
1.000024e+00 
1.000001e+00 
1.000367e+00 
1.002480e+00 
9.896644e-01 
1.000003e+00 
1.000008e+00 
1.000001e+00 
1.000371e+00 
1.002483e+00 
9.896847e-01 
1.000035e+00 
9.999698e-01 
1.000001e+00 
1.000375e+00 
1.002487e+00 
9.897823e-01 
1.000068e+00 
9.999314e-01 
1.000001e+00 
1.000380e+00 
1.002492e+00 
9.899157e-01 
1.000087e+00 
9.999095e-01 
1.000732e+00 
1.002793e+00 
9.921464e-01 
1.000000e+00 
1.000732e+00 
1.002792e+00 
9.923735e-01 
1.000023e+00 
9.999741e-01 
1.000000e+00 
1.000732e+00 
1.002792e+00 
9.926045e-01 
1.000048e+00 
9.999494e-01 
1.000000e+00 
1.000731e+00 
1.002792e+00 
9.924649e-01 
1.000035e+00 
9.999664e-01 
1.000001e+00 
1.000731e+00 
1.002792e+00 
9.922763e-01 
1.000030e+00 
9.999744e-01 
1.000001e+00 
1.000732e+00 
1.002794e+00 
9.920901e-01 
1.000015e+00 
9.999924e-01 
1.000001e+00 
1.000734e+00 
1.002795e+00 
9.919945e-01 
9.999925e-01 
1.000016e+00 
1.000001e+00 
1.000734e+00 
1.002796e+00 
9.920034e-01 
9.999813e-01 
1.000027e+00 
1.000001e+00 
1.000735e+00 
1.002797e+00 
9.921564e-01 
9.999890e-01 
1.000016e+00 
1.000001e+00 
1.000737e+00 
1.002799e+00 
9.923170e-01 
1.000022e+00 
9.999786e-01 
1.000936e+00 
1.002987e+00 
9.975666e-01 
1.000000e+00 
1.000936e+00 
1.002986e+00 
9.972001e-01 
1.000018e+00 
9.999821e-01 
1.000000e+00 
1.000936e+00 
1.002987e+00 
9.972647e-01 
1.000067e+00 
9.999342e-01 
1.000001e+00 
1.000938e+00 
1.002989e+00 
9.971446e-01 
1.000091e+00 
9.999108e-01 
1.000001e+00 
1.000942e+00 
1.002993e+00 
9.970516e-01 
1.000109e+00 
9.998936e-01 
1.000001e+00 
1.000946e+00 
1.002997e+00 
9.969335e-01 
1.000096e+00 
9.999076e-01 
1.000001e+00 
1.000950e+00 
1.003002e+00 
9.967965e-01 
1.000053e+00 
9.999496e-01 
1.000001e+00 
1.000953e+00 
1.003005e+00 
9.966492e-01 
1.000002e+00 
9.999991e-01 
1.000001e+00 
1.000955e+00 
1.003007e+00 
9.965287e-01 
9.999804e-01 
1.000018e+00 
1.000001e+00 
1.000958e+00 
1.003010e+00 
9.963015e-01 
1.000007e+00 
9.999882e-01 
1.000980e+00 
1.003033e+00 
1.001030e+00 
1.000000e+00 
1.000980e+00 
1.003033e+00 
1.000411e+00 
1.000040e+00 
9.999620e-01 
1.000000e+00 
1.000983e+00 
1.003037e+00 
1.000448e+00 
1.000093e+00 
9.999128e-01 
1.000001e+00 
1.000988e+00 
1.003041e+00 
1.000408e+00 
1.000118e+00 
9.998891e-01 
1.000001e+00 
1.000993e+00 
1.003047e+00 
1.000468e+00 
1.000139e+00 
9.998693e-01 
1.000001e+00 
1.000998e+00 
1.003052e+00 
1.000503e+00 
1.000141e+00 
9.998677e-01 
1.000001e+00 
1.001004e+00 
1.003058e+00 
1.000502e+00 
1.000113e+00 
9.998925e-01 
1.000001e+00 
1.001009e+00 
1.003064e+00 
1.000484e+00 
1.000059e+00 
9.999409e-01 
1.000001e+00 
1.001015e+00 
1.003069e+00 
1.000456e+00 
1.000019e+00 
9.999741e-01 
1.000001e+00 
1.001019e+00 
1.003074e+00 
1.000315e+00 
1.000037e+00 
9.999536e-01 
1.000920e+00 
1.002964e+00 
1.003524e+00 
1.000000e+00 
1.000920e+00 
1.002963e+00 
1.003033e+00 
9.999663e-01 
1.000024e+00 
1.000000e+00 
1.000920e+00 
1.002963e+00 
1.003298e+00 
9.999943e-01 
9.999975e-01 
1.000000e+00 
1.000922e+00 
1.002964e+00 
1.003519e+00 
1.000026e+00 
9.999696e-01 
1.000000e+00 
1.000923e+00 
1.002966e+00 
1.003814e+00 
1.000060e+00 
9.999402e-01 
1.000000e+00 
1.000926e+00 
1.002968e+00 
1.004042e+00 
1.000082e+00 
9.999213e-01 
1.000000e+00 
1.000928e+00 
1.002970e+00 
1.004224e+00 
1.000072e+00 
9.999299e-01 
1.000000e+00 
1.000931e+00 
1.002973e+00 
1.004377e+00 
1.000013e+00 
9.999772e-01 
1.000000e+00 
1.000932e+00 
1.002973e+00 
1.004498e+00 
9.999331e-01 
1.000042e+00 
1.000000e+00 
1.000932e+00 
1.002973e+00 
1.004549e+00 
9.999307e-01 
1.000042e+00 
1.000768e+00 
1.002768e+00 
1.007504e+00 
9.999999e-01 
1.000766e+00 
1.002766e+00 
1.006302e+00 
9.998367e-01 
1.000119e+00 
9.999999e-01 
1.000761e+00 
1.002759e+00 
1.006469e+00 
9.998040e-01 
1.000141e+00 
9.999999e-01 
1.000757e+00 
1.002752e+00 
1.006600e+00 
9.998483e-01 
1.000107e+00 
9.999999e-01 
1.000752e+00 
1.002746e+00 
1.006797e+00 
9.999120e-01 
1.000058e+00 
1.000000e+00 
1.000748e+00 
1.002740e+00 
1.007004e+00 
9.999665e-01 
1.000017e+00 
1.000000e+00 
1.000746e+00 
1.002736e+00 
1.007215e+00 
9.999938e-01 
9.999965e-01 
1.000000e+00 
1.000743e+00 
1.002732e+00 
1.007358e+00 
9.999608e-01 
1.000021e+00 
9.999999e-01 
1.000739e+00 
1.002726e+00 
1.007410e+00 
9.998497e-01 
1.000104e+00 
9.999998e-01 
1.000734e+00 
1.002718e+00 
1.007425e+00 
9.998423e-01 
1.000111e+00 
1.000548e+00 
1.002454e+00 
1.009040e+00 
1.000000e+00 
1.000547e+00 
1.002453e+00 
1.007811e+00 
9.998583e-01 
1.000096e+00 
9.999999e-01 
1.000546e+00 
1.002451e+00 
1.007765e+00 
9.998282e-01 
1.000117e+00 
9.999999e-01 
1.000542e+00 
1.002447e+00 
1.007438e+00 
9.998831e-01 
1.000081e+00 
9.999999e-01 
1.000538e+00 
1.002441e+00 
1.007165e+00 
9.999332e-01 
1.000047e+00 
9.999999e-01 
1.000534e+00 
1.002434e+00 
1.007056e+00 
9.999548e-01 
1.000031e+00 
9.999999e-01 
1.000529e+00 
1.002427e+00 
1.007094e+00 
9.999806e-01 
1.000013e+00 
9.999999e-01 
1.000525e+00 
1.002421e+00 
1.007143e+00 
9.999868e-01 
1.000010e+00 
9.999999e-01 
1.000521e+00 
1.002415e+00 
1.007104e+00 
9.999132e-01 
1.000061e+00 
9.999999e-01 
1.000516e+00 
1.002408e+00 
1.007020e+00 
9.999292e-01 
1.000054e+00 
1.000335e+00 
1.002115e+00 
1.006905e+00 
1.000000e+00 
1.000336e+00 
1.002117e+00 
1.006984e+00 
9.998781e-01 
1.000073e+00 
1.000000e+00 
1.000338e+00 
1.002120e+00 
1.007201e+00 
9.999309e-01 
1.000044e+00 
1.000000e+00 
1.000340e+00 
1.002124e+00 
1.006913e+00 
1.000047e+00 
9.999771e-01 
1.000000e+00 
1.000341e+00 
1.002127e+00 
1.006634e+00 
1.000100e+00 
9.999459e-01 
1.000000e+00 
1.000342e+00 
1.002128e+00 
1.006403e+00 
1.000073e+00 
9.999613e-01 
1.000000e+00 
1.000341e+00 
1.002128e+00 
1.006211e+00 
1.000066e+00 
9.999658e-01 
1.000000e+00 
1.000341e+00 
1.002128e+00 
1.005986e+00 
1.000100e+00 
9.999454e-01 
1.000000e+00 
1.000342e+00 
1.002129e+00 
1.005743e+00 
1.000144e+00 
9.999211e-01 
1.000000e+00 
1.000344e+00 
1.002133e+00 
1.005522e+00 
1.000161e+00 
9.999120e-01 
1.000181e+00 
1.001839e+00 
1.004600e+00 
1.000000e+00 
1.000181e+00 
1.001840e+00 
1.004998e+00 
9.998025e-01 
1.000102e+00 
1.000000e+00 
1.000183e+00 
1.001842e+00 
1.005264e+00 
9.998766e-01 
1.000063e+00 
1.000000e+00 
1.000186e+00 
1.001848e+00 
1.005179e+00 
1.000043e+00 
9.999761e-01 
1.000000e+00 
1.000190e+00 
1.001856e+00 
1.005198e+00 
1.000127e+00 
9.999323e-01 
1.000000e+00 
1.000194e+00 
1.001864e+00 
1.005100e+00 
1.000125e+00 
9.999336e-01 
1.000000e+00 
1.000199e+00 
1.001872e+00 
1.004846e+00 
1.000144e+00 
9.999235e-01 
1.000000e+00 
1.000203e+00 
1.001880e+00 
1.004612e+00 
1.000203e+00 
9.998911e-01 
1.000001e+00 
1.000209e+00 
1.001891e+00 
1.004522e+00 
1.000332e+00 
9.998217e-01 
1.000001e+00 
1.000216e+00 
1.001904e+00 
1.004524e+00 
1.000253e+00 
9.998604e-01 
1.000092e+00 
1.001659e+00 
1.001591e+00 
1.000000e+00 
1.000092e+00 
1.001659e+00 
1.002415e+00 
9.997742e-01 
1.000101e+00 
1.000000e+00 
1.000093e+00 
1.001660e+00 
1.002609e+00 
9.998627e-01 
1.000058e+00 
1.000000e+00 
1.000095e+00 
1.001663e+00 
1.002782e+00 
9.999772e-01 
1.000002e+00 
1.000000e+00 
1.000098e+00 
1.001670e+00 
1.003028e+00 
1.000030e+00 
9.999753e-01 
1.000000e+00 
1.000103e+00 
1.001678e+00 
1.003028e+00 
1.000091e+00 
9.999465e-01 
1.000000e+00 
1.000108e+00 
1.001688e+00 
1.002958e+00 
1.000152e+00 
9.999175e-01 
1.000000e+00 
1.000113e+00 
1.001698e+00 
1.003041e+00 
1.000231e+00 
9.998786e-01 
1.000000e+00 
1.000119e+00 
1.001709e+00 
1.003050e+00 
1.000339e+00 
9.998259e-01 
9.999999e-01 
1.000125e+00 
1.001720e+00 
1.003271e+00 
1.000143e+00 
9.999119e-01 
1.000057e+00 
1.001578e+00 
9.999607e-01 
9.999998e-01 
1.000057e+00 
1.001577e+00 
1.000809e+00 
9.998042e-01 
1.000075e+00 
9.999997e-01 
1.000057e+00 
1.001575e+00 
1.000857e+00 
9.999769e-01 
1.000002e+00 
9.999995e-01 
1.000057e+00 
1.001576e+00 
1.000964e+00 
9.999832e-01 
9.999952e-01 
9.999994e-01 
1.000058e+00 
1.001576e+00 
1.001186e+00 
9.999049e-01 
1.000022e+00 
9.999993e-01 
1.000060e+00 
1.001577e+00 
1.001458e+00 
9.999771e-01 
9.999898e-01 
9.999992e-01 
1.000063e+00 
1.001582e+00 
1.001611e+00 
1.000084e+00 
9.999457e-01 
9.999990e-01 
1.000065e+00 
1.001586e+00 
1.001671e+00 
1.000210e+00 
9.998931e-01 
9.999988e-01 
1.000067e+00 
1.001587e+00 
1.001958e+00 
1.000127e+00 
9.999245e-01 
9.999986e-01 
1.000067e+00 
1.001584e+00 
1.002512e+00 
1.000002e+00 
9.999740e-01 
1.000049e+00 
1.001554e+00 
9.998774e-01 
9.999996e-01 
1.000048e+00 
1.001552e+00 
1.000230e+00 
9.998277e-01 
1.000054e+00 
9.999994e-01 
1.000048e+00 
1.001551e+00 
1.000225e+00 
1.000072e+00 
9.999691e-01 
9.999990e-01 
1.000048e+00 
1.001549e+00 
1.000315e+00 
9.999551e-01 
1.000005e+00 
9.999986e-01 
1.000047e+00 
1.001544e+00 
1.000496e+00 
9.997271e-01 
1.000078e+00 
9.999983e-01 
1.000045e+00 
1.001536e+00 
1.000557e+00 
9.997228e-01 
1.000076e+00 
9.999981e-01 
1.000043e+00 
1.001528e+00 
1.000859e+00 
9.998283e-01 
1.000039e+00 
9.999979e-01 
1.000041e+00 
1.001520e+00 
1.001526e+00 
9.999772e-01 
9.999881e-01 
9.999977e-01 
1.000040e+00 
1.001512e+00 
1.001657e+00 
9.999906e-01 
9.999844e-01 
9.999975e-01 
1.000038e+00 
1.001504e+00 
1.001093e+00 
1.000035e+00 
9.999706e-01 
1.000050e+00 
1.001560e+00 
9.996499e-01 
9.999995e-01 
1.000049e+00 
1.001556e+00 
9.999354e-01 
9.998017e-01 
1.000053e+00 
9.999991e-01 
1.000048e+00 
1.001551e+00 
1.000031e+00 
1.000001e+00 
9.999970e-01 
9.999986e-01 
1.000046e+00 
1.001544e+00 
1.000234e+00 
9.998448e-01 
1.000039e+00 
9.999981e-01 
1.000043e+00 
1.001532e+00 
1.000420e+00 
9.996475e-01 
1.000093e+00 
9.999978e-01 
1.000039e+00 
1.001516e+00 
1.000617e+00 
9.996279e-01 
1.000098e+00 
9.999974e-01 
1.000034e+00 
1.001498e+00 
1.000942e+00 
9.996662e-01 
1.000087e+00 
9.999972e-01 
1.000029e+00 
1.001480e+00 
1.000820e+00 
9.998112e-01 
1.000047e+00 
9.999970e-01 
1.000025e+00 
1.001462e+00 
1.000671e+00 
9.998930e-01 
1.000024e+00 
9.999968e-01 
1.000020e+00 
1.001445e+00 
1.001526e+00 
9.998295e-01 
1.000043e+00 
1.000049e+00 
1.001553e+00 
1.002066e+00 
9.999995e-01 
1.000048e+00 
1.001549e+00 
1.000924e+00 
9.997374e-01 
1.000059e+00 
9.999991e-01 
1.000046e+00 
1.001543e+00 
1.000828e+00 
9.996620e-01 
1.000079e+00 
9.999986e-01 
1.000043e+00 
1.001532e+00 
1.000912e+00 
9.994993e-01 
1.000118e+00 
9.999982e-01 
1.000040e+00 
1.001517e+00 
1.000881e+00 
9.992276e-01 
1.000179e+00 
9.999979e-01 
1.000035e+00 
1.001498e+00 
1.000658e+00 
9.991399e-01 
1.000201e+00 
9.999976e-01 
1.000029e+00 
1.001476e+00 
1.000500e+00 
9.990862e-01 
1.000215e+00 
9.999974e-01 
1.000023e+00 
1.001452e+00 
1.000784e+00 
9.991616e-01 
1.000201e+00 
9.999971e-01 
1.000016e+00 
1.001427e+00 
1.001213e+00 
9.989647e-01 
1.000243e+00 
9.999971e-01 
1.000009e+00 
1.001400e+00 
1.000798e+00 
9.992317e-01 
1.000188e+00 
1.000032e+00 
1.001461e+00 
1.002816e+00 
9.999999e-01 
1.000032e+00 
1.001460e+00 
1.002579e+00 
9.999500e-01 
1.000015e+00 
9.999998e-01 
1.000031e+00 
1.001459e+00 
1.002729e+00 
1.000044e+00 
1.000007e+00 
9.999997e-01 
1.000029e+00 
1.001454e+00 
1.002555e+00 
1.000181e+00 
9.999950e-01 
9.999996e-01 
1.000027e+00 
1.001447e+00 
1.002324e+00 
9.999839e-01 
1.000031e+00 
9.999995e-01 
1.000024e+00 
1.001440e+00 
1.002071e+00 
1.000026e+00 
1.000030e+00 
9.999994e-01 
1.000021e+00 
1.001434e+00 
1.001588e+00 
1.000096e+00 
1.000025e+00 
9.999993e-01 
1.000018e+00 
1.001425e+00 
1.000770e+00 
9.998848e-01 
1.000061e+00 
9.999991e-01 
1.000013e+00 
1.001410e+00 
9.999953e-01 
9.996614e-01 
1.000098e+00 
9.999991e-01 
1.000009e+00 
1.001398e+00 
9.998397e-01 
9.998246e-01 
1.000073e+00 
1.000012e+00 
1.001304e+00 
1.003992e+00 
1.000000e+00 
1.000012e+00 
1.001303e+00 
1.004072e+00 
9.998774e-01 
1.000020e+00 
1.000000e+00 
1.000011e+00 
1.001302e+00 
1.004314e+00 
9.999485e-01 
1.000019e+00 
1.000001e+00 
1.000011e+00 
1.001305e+00 
1.003950e+00 
1.000413e+00 
9.999841e-01 
1.000001e+00 
1.000010e+00 
1.001309e+00 
1.003312e+00 
1.000098e+00 
1.000019e+00 
1.000001e+00 
1.000008e+00 
1.001314e+00 
1.002841e+00 
1.000254e+00 
1.000008e+00 
1.000002e+00 
1.000008e+00 
1.001327e+00 
1.002681e+00 
1.000615e+00 
9.999784e-01 
1.000002e+00 
1.000007e+00 
1.001341e+00 
1.002325e+00 
1.000376e+00 
1.000006e+00 
1.000002e+00 
1.000006e+00 
1.001355e+00 
1.001799e+00 
1.000291e+00 
1.000017e+00 
1.000002e+00 
1.000005e+00 
1.001365e+00 
1.001345e+00 
1.000250e+00 
1.000027e+00 
1.000000e+00 
1.001118e+00 
1.003080e+00 
1.000001e+00 
1.000000e+00 
1.001122e+00 
1.003411e+00 
1.000051e+00 
1.000004e+00 
1.000001e+00 
1.000000e+00 
1.001129e+00 
1.003378e+00 
9.999242e-01 
1.000011e+00 
1.000002e+00 
1.000000e+00 
1.001145e+00 
1.002874e+00 
1.000574e+00 
9.999913e-01 
1.000002e+00 
1.000000e+00 
1.001167e+00 
1.002334e+00 
1.000226e+00 
1.000007e+00 
1.000003e+00 
1.000000e+00 
1.001187e+00 
1.002042e+00 
1.000131e+00 
1.000010e+00 
1.000003e+00 
1.000000e+00 
1.001209e+00 
1.001868e+00 
1.000473e+00 
9.999988e-01 
1.000003e+00 
1.000000e+00 
1.001235e+00 
1.001621e+00 
1.000453e+00 
1.000003e+00 
1.000004e+00 
1.000000e+00 
1.001259e+00 
1.001545e+00 
9.999729e-01 
1.000022e+00 
1.000004e+00 
1.000000e+00 
1.001292e+00 
1.001188e+00 
1.000877e+00 
9.999948e-01 
1.001011e+00 
1.000001e+00 
1.001025e+00 
1.001789e+00 
1.000001e+00 
1.001043e+00 
1.001352e+00 
1.000002e+00 
1.001068e+00 
1.001772e+00 
1.000002e+00 
1.001119e+00 
1.002230e+00 
1.000003e+00 
1.001146e+00 
9.999843e-01 
1.000003e+00 
1.001164e+00 
1.000221e+00 
1.000004e+00 
1.001188e+00 
9.998852e-01 
1.000004e+00 
1.001209e+00 
9.999326e-01 
1.000004e+00 
1.001252e+00 
1.001302e+00 
9.999994e-01 
9.958955e-01 
9.975077e-01 
9.958815e-01 
9.999996e-01 
1.001088e+00 
9.999998e-01 
9.958917e-01 
9.999999e-01 
1.000051e+00 
1.000010e+00 
9.992688e-01 
9.999995e-01 
9.958626e-01 
9.971437e-01 
9.958644e-01 
9.999995e-01 
9.950101e-01 
9.999999e-01 
9.958763e-01 
9.999997e-01 
9.992764e-01 
1.000018e+00 
9.976277e-01 
9.999996e-01 
9.958363e-01 
9.940850e-01 
9.958351e-01 
9.999998e-01 
9.938793e-01 
9.999999e-01 
9.958479e-01 
9.999998e-01 
9.965400e-01 
9.999776e-01 
9.968776e-01 
9.999997e-01 
9.958206e-01 
9.954522e-01 
9.958200e-01 
1.000000e+00 
9.974802e-01 
9.999999e-01 
9.958260e-01 
1.000000e+00 
9.964442e-01 
9.999618e-01 
9.962094e-01 
