k,T,v0,rho,kappa,theta,sigma,C_price,delta
-0.20000000000000004,1.0,0.4,-0.35156,10.980797,0.132328,1.7,0.3206228414524584,0.8983250153190561
-0.1950443731884776,1.0,0.4,-0.35156,10.980797,0.132328,1.7,0.3177598374752287,0.8946289180408418
-0.19011318356224413,1.0,0.4,-0.35156,10.980797,0.132328,1.7,0.31491943506127196,0.8900758125537898
-0.18520619129417162,1.0,0.4,-0.35156,10.980797,0.132328,1.7,0.31209810326994025,0.886230802149302
-0.18032316007040294,1.0,0.4,-0.35156,10.980797,0.132328,1.7,0.30929873242536043,0.88174726561285
-0.17546385702206374,1.0,0.4,-0.35156,10.980797,0.132328,1.7,0.3065190570058181,0.8777508295197085
-0.17062805265862455,1.0,0.4,-0.35156,10.980797,0.132328,1.7,0.30376072030059864,0.8733366356704038
-0.16581552080286657,1.0,0.4,-0.35156,10.980797,0.132328,1.7,0.3010226315156452,0.8691864680053464
-0.16102603852740546,1.0,0.4,-0.35156,10.980797,0.132328,1.7,0.2983053432218858,0.8648414147437408
-0.15625938609272672,1.0,0.4,-0.35156,10.980797,0.132328,1.7,0.29560871640316316,0.8605354285816904
-0.1515153468866927,1.0,0.4,-0.35156,10.980797,0.132328,1.7,0.2929325006950323,0.8562593352078844
-0.14679370736547612,1.0,0.4,-0.35156,10.980797,0.132328,1.7,0.29027715552209665,0.8517956747222374
-0.14209425699588246,1.0,0.4,-0.35156,10.980797,0.132328,1.7,0.2876420447046867,0.8475883788994205
-0.13741678819902053,1.0,0.4,-0.35156,10.980797,0.132328,1.7,0.28502774478053355,0.8429654316244604
-0.13276109629528546,1.0,0.4,-0.35156,10.980797,0.132328,1.7,0.28243377754755544,0.8388267867199265
-0.1281269794506152,1.0,0.4,-0.35156,10.980797,0.132328,1.7,0.2798602302788033,0.8340431955245792
-0.12351423862398749,1.0,0.4,-0.35156,10.980797,0.132328,1.7,0.27730744999945006,0.829973067767556
-0.11892267751612169,1.0,0.4,-0.35156,10.980797,0.132328,1.7,0.27477430678810383,0.8250277427014693
-0.11435210251935282,1.0,0.4,-0.35156,10.980797,0.132328,1.7,0.2722627598237605,0.8210260085185831
-0.1098023226686468,1.0,0.4,-0.35156,10.980797,0.132328,1.7,0.26976961657602755,0.8159181383140373
-0.10527314959372393,1.0,0.4,-0.35156,10.980797,0.132328,1.7,0.26729935062785354,0.811984681736942
-0.10076439747226226,1.0,0.4,-0.35156,10.980797,0.132328,1.7,0.26484679262536126,0.8080808962310023
-0.09627588298415125,1.0,0.4,-0.35156,10.980797,0.132328,1.7,0.2624168110725997,0.802848454978536
-0.09180742526676687,1.0,0.4,-0.35156,10.980797,0.132328,1.7,0.2600051193711091,0.7990120530268876
-0.08735884587124271,1.0,0.4,-0.35156,10.980797,0.132328,1.7,0.2576146744387673,0.7936169988013353
-0.08292996871970827,1.0,0.4,-0.35156,10.980797,0.132328,1.7,0.25524390324529417,0.7898478871341422
-0.0785206200634707,1.0,0.4,-0.35156,10.980797,0.132328,1.7,0.2528924185523948,0.784290294431469
-0.07413062844211425,1.0,0.4,-0.35156,10.980797,0.132328,1.7,0.25056261842912353,0.7805883793625611
-0.06975982464349319,1.0,0.4,-0.35156,10.980797,0.132328,1.7,0.24824946606946532,0.7748686409546931
-0.06540804166459628,1.0,0.4,-0.35156,10.980797,0.132328,1.7,0.24596068243938765,0.7712338259862607
-0.06107511467325804,1.0,0.4,-0.35156,10.980797,0.132328,1.7,0.24368762519672565,0.7676253273974591
-0.05676088097069653,1.0,0.4,-0.35156,10.980797,0.132328,1.7,0.24143745681005116,0.76178484524681
-0.05246517995485521,1.0,0.4,-0.35156,10.980797,0.132328,1.7,0.23920503259753775,0.7582426320907063
-0.04818785308452986,1.0,0.4,-0.35156,10.980797,0.132328,1.7,0.23699224813052458,0.752242383223535
-0.04392874384425835,1.0,0.4,-0.35156,10.980797,0.132328,1.7,0.2348004954152357,0.7487663600015201
-0.03968769770995545,1.0,0.4,-0.35156,10.980797,0.132328,1.7,0.23262430943499274,0.74260771886838
-0.035464562115273233,1.0,0.4,-0.35156,10.980797,0.132328,1.7,0.23047325715434752,0.7391977802369422
-0.03125918641866891,1.0,0.4,-0.35156,10.980797,0.132328,1.7,0.22833652466365736,0.7358117828988965
-0.027071421871161648,1.0,0.4,-0.35156,10.980797,0.132328,1.7,0.22622250818931527,0.7295384968222186
-0.02290112158476287,1.0,0.4,-0.35156,10.980797,0.132328,1.7,0.22412610025738366,0.7262178032771013
-0.018748140501561063,1.0,0.4,-0.35156,10.980797,0.132328,1.7,0.22204738787956235,0.7197904519426509
-0.014612335363445915,1.0,0.4,-0.35156,10.980797,0.132328,1.7,0.21999131756096627,0.7165349434243539
-0.010493564682456923,1.0,0.4,-0.35156,10.980797,0.132328,1.7,0.21794863738593206,0.7133018087976849
-0.006391688711739061,1.0,0.4,-0.35156,10.980797,0.132328,1.7,0.21593125394916954,0.7067654699247966
-0.0023065694170922237,1.0,0.4,-0.35156,10.980797,0.132328,1.7,0.21392853641745446,0.7035967556310843
0.0017619295509006616,1.0,0.4,-0.35156,10.980797,0.132328,1.7,0.21194493982930437,0.6969119890491845
0.00581394288418084,1.0,0.4,-0.35156,10.980797,0.132328,1.7,0.20998217672094305,0.6938075541844735
0.009849603643969699,1.0,0.4,-0.35156,10.980797,0.132328,1.7,0.20803192509776905,0.690724013916926
0.013869043286988321,1.0,0.4,-0.35156,10.980797,0.132328,1.7,0.2061085291244046,0.6839371307753741
0.017872391691148723,1.0,0.4,-0.35156,10.980797,0.132328,1.7,0.20419785161566867,0.6809171109883683
0.021859777180738317,1.0,0.4,-0.35156,10.980797,0.132328,1.7,0.20230652294721116,0.6739887486712203
0.02583132655109883,1.0,0.4,-0.35156,10.980797,0.132328,1.7,0.200435385281423,0.671032078537515
0.02978716509282059,1.0,0.4,-0.35156,10.980797,0.132328,1.7,0.19857592822181863,0.6680949061044857
0.0337274166154588,1.0,0.4,-0.35156,10.980797,0.132328,1.7,0.1967433998700953,0.6610724914936074
0.037652203470784656,1.0,0.4,-0.35156,10.980797,0.132328,1.7,0.19492309154813428,0.6581979064458522
0.04156164657558198,1.0,0.4,-0.35156,10.980797,0.132328,1.7,0.19312073438453908,0.6510422542889786
0.04545586543399992,1.0,0.4,-0.35156,10.980797,0.132328,1.7,0.19133951033355043,0.6482300491480185
0.04933497815947216,1.0,0.4,-0.35156,10.980797,0.132328,1.7,0.1895691809776976,0.645436022168812
0.05319910149621241,1.0,0.4,-0.35156,10.980797,0.132328,1.7,0.18782397356345465,0.6381955374876004
0.057048350840297184,1.0,0.4,-0.35156,10.980797,0.132328,1.7,0.18609232190159905,0.6354631169977479
0.06088284026034238,1.0,0.4,-0.35156,10.980797,0.132328,1.7,0.18437524329386593,0.6280988918181337
0.06470268251778691,1.0,0.4,-0.35156,10.980797,0.132328,1.7,0.1826821711736126,0.6254278279314124
0.06850798908678948,1.0,0.4,-0.35156,10.980797,0.132328,1.7,0.18099925033367578,0.6227736955925213
0.07229887017374836,1.0,0.4,-0.35156,10.980797,0.132328,1.7,0.17933744767582027,0.6153349567315713
0.07607543473645262,1.0,0.4,-0.35156,10.980797,0.132328,1.7,0.17769268043340375,0.6127413898592108
0.07983779050287299,1.0,0.4,-0.35156,10.980797,0.132328,1.7,0.17605765883998292,0.6101640739540887
0.08358604398960073,1.0,0.4,-0.35156,10.980797,0.132328,1.7,0.1744501038014985,0.6026563061966514
0.08732030051994188,1.0,0.4,-0.35156,10.980797,0.132328,1.7,0.17285280367849157,0.6001387617348793
0.09104066424167596,1.0,0.4,-0.35156,10.980797,0.132328,1.7,0.17127018590880244,0.5925238050641419
0.09474723814448355,1.0,0.4,-0.35156,10.980797,0.132328,1.7,0.16971045629709794,0.5900657148327971
0.09844012407705406,1.0,0.4,-0.35156,10.980797,0.132328,1.7,0.1681597929336167,0.587622738428309
0.10211942276387789,1.0,0.4,-0.35156,10.980797,0.132328,1.7,0.16662925104868428,0.5799505397242364
0.10578523382173075,1.0,0.4,-0.35156,10.980797,0.132328,1.7,0.16511570210649165,0.577566197825332
0.10943765577585725,1.0,0.4,-0.35156,10.980797,0.132328,1.7,0.16361085116603558,0.5751963529411274
0.11307678607585979,1.0,0.4,-0.35156,10.980797,0.132328,1.7,0.16213119322548394,0.5674730289025337
0.11670272111129945,1.0,0.4,-0.35156,10.980797,0.132328,1.7,0.16066299223328728,0.5651609920017288
0.12031555622701495,1.0,0.4,-0.35156,10.980797,0.132328,1.7,0.15920487468188294,0.5573493180912727
0.1239153857381669,1.0,0.4,-0.35156,10.980797,0.132328,1.7,0.15777311565329705,0.555094697195751
0.12750230294500928,1.0,0.4,-0.35156,10.980797,0.132328,1.7,0.15634943408108487,0.5528535364498907
0.13107640014740163,1.0,0.4,-0.35156,10.980797,0.132328,1.7,0.15493981265826443,0.545003755624589
0.1346377686590582,1.0,0.4,-0.35156,10.980797,0.132328,1.7,0.1535520818095432,0.5428191534809744
0.13818649882154704,1.0,0.4,-0.35156,10.980797,0.132328,1.7,0.1521720943448157,0.5406474527756108
0.14172268001804086,1.0,0.4,-0.35156,10.980797,0.132328,1.7,0.15080965632539597,0.5327661793501152
0.14524640068682532,1.0,0.4,-0.35156,10.980797,0.132328,1.7,0.14946511869500978,0.5306501705902508
0.1487577483345705,1.0,0.4,-0.35156,10.980797,0.132328,1.7,0.14812800240474686,0.5285465249631263
0.15225680954936993,1.0,0.4,-0.35156,10.980797,0.132328,1.7,0.14681139784424543,0.5206404948437136
0.15574367001355324,1.0,0.4,-0.35156,10.980797,0.132328,1.7,0.14550922055260837,0.5185916646160303
0.15921841451627347,1.0,0.4,-0.35156,10.980797,0.132328,1.7,0.14421415417356448,0.5165546789053809
0.16268112696588097,1.0,0.4,-0.35156,10.980797,0.132328,1.7,0.1429420013527551,0.5086307311685786
0.16613189040207904,1.0,0.4,-0.35156,10.980797,0.132328,1.7,0.1416813529941927,0.5066476739251762
0.16957078700787387,1.0,0.4,-0.35156,10.980797,0.132328,1.7,0.14042751634597161,0.5046759615984464
0.1729978981213182,1.0,0.4,-0.35156,10.980797,0.132328,1.7,0.13919840733034602,0.4967410194895648
0.17641330424705484,1.0,0.4,-0.35156,10.980797,0.132328,1.7,0.1379784574840593,0.49482233800644
0.17981708506766383,1.0,0.4,-0.35156,10.980797,0.132328,1.7,0.13676503099946258,0.4929145201916134
0.18320931945481667,1.0,0.4,-0.35156,10.980797,0.132328,1.7,0.1355775372728692,0.4849755715237583
0.18659008548024322,1.0,0.4,-0.35156,10.980797,0.132328,1.7,0.13439745612727122,0.4831198760403823
0.1899594604265111,1.0,0.4,-0.35156,10.980797,0.132328,1.7,0.13322362049443043,0.48127458072106954
0.1933175207976284,1.0,0.4,-0.35156,10.980797,0.132328,1.7,0.132076298625941,0.4733386578550457
0.19666434232946448,1.0,0.4,-0.35156,10.980797,0.132328,1.7,0.1309352567107384,0.4715445654387612
0.2,1.0,0.4,-0.35156,10.980797,0.132328,1.7,0.12980019262153059,0.46976042683802627
