1.01687966175 205.100930752
1.01705357876 205.021365962
1.01723976228 204.904380928
1.01744353305 204.742893802
1.01766767106 204.515663398
1.01791331889 204.208077471
1.01818321346 203.788731564
1.01848529509 203.204314389
1.01884558854 202.314998469
1.0193858455 200.413083736
1.06815395608 18.6565995315
1.0679720958 19.7180232854
1.06802698457 20.2450261796
1.0680733974 20.7110627994
1.06802708386 21.2918864885
1.06808660624 21.6434123474
1.0680003817 22.2340657509
1.06794430112 22.6135342787
1.06804219599 22.7600164385
1.06785467576 23.3488144847
1.06786973217 23.4799004599
1.06786771253 23.7078525452
1.06761796385 24.2481043537
1.06778898818 24.2209416573
1.06765086774 24.4914245857
1.06767572406 24.70752093
1.06773044716 24.8046747079
1.06777213465 24.8263689984
1.06779899312 24.9769500959
1.06798314576 25.0136982928
1.06797882737 25.1338726577
1.06819872372 25.0862313245
1.06817698183 25.3373817095
1.06842951917 25.2558842851
1.06858428079 25.2813643284
1.06875846137 25.387476954
1.06911612769 25.3516017861
1.06919425371 25.4175181903
1.06936247868 25.3486097537
1.06957707907 25.3955960946
1.06994132019 25.3735057106
1.07019685404 25.4134059032
1.07018734655 25.5007891612
1.07036500118 25.3831816955
1.07067535389 25.3393931082
1.07080943028 25.5449269342
1.0710663421 25.4609555729
1.07115399424 25.4272095372
1.07156293128 25.2420107294
1.07181064638 25.2713693695
1.07196358329 25.3163447493
1.07205309278 25.2826005232
1.07214683773 25.3731082414
1.07240963819 25.2820328586
1.07273071672 25.2008601147
1.07286412614 25.3159015533
1.07303442051 25.2625602266
1.0733097973 25.1086471911
1.07356882832 25.0089897689
1.07361322778 25.1467986519
1.07382283913 25.1110136176
1.07400227016 25.0887960703
1.07415457372 25.0381893753
1.07437173438 25.0696751809
1.07463859236 24.9798320584
1.07494609475 24.8613133421
1.07519322709 24.737432291
1.07515317603 24.8748607526
1.07524639792 24.9461123643
1.07550300452 24.8927542281
1.07578862587 24.7774872951
1.07589285716 24.8458237665
1.07617607256 24.7196398425
1.07641326256 24.6011584444
