1.01595 205.100930752
1.01605 205.021365962
1.01615 204.904380928
1.01625 204.742893802
1.01635 204.515663398
1.01645 204.208077471
1.01655 203.788731564
1.01665 203.204314389
1.01675 202.314998469
1.01685 200.413083736
1.01695 18.6565995315
1.01705 19.7180232854
1.01715 20.2450261796
1.01725 20.7110627994
1.01735 21.2918864885
1.01745 21.6434123474
1.01755 22.2340657509
1.01765 22.6135342787
1.01775 22.7600164385
1.01785 23.3488144847
1.01795 23.4799004599
1.01805 23.7078525452
1.01815 24.2481043537
1.01825 24.2209416573
1.01835 24.4914245857
1.01845 24.70752093
1.01855 24.8046747079
1.01865 24.8263689984
1.01875 24.9769500959
1.01885 25.0136982928
1.01895 25.1338726577
1.01905 25.0862313245
1.01915 25.3373817095
1.01925 25.2558842851
1.01935 25.2813643284
1.01945 25.387476954
1.01955 25.3516017861
1.01965 25.4175181903
1.01975 25.3486097537
1.01985 25.3955960946
1.01995 25.3735057106
1.02005 25.4134059032
1.02015 25.5007891612
1.02025 25.3831816955
1.02035 25.3393931082
1.02045 25.5449269342
1.02055 25.4609555729
1.02065 25.4272095372
1.02075 25.2420107294
1.02085 25.2713693695
1.02095 25.3163447493
1.02105 25.2826005232
1.02115 25.3731082414
1.02125 25.2820328586
1.02135 25.2008601147
1.02145 25.3159015533
1.02155 25.2625602266
1.02165 25.1086471911
1.02175 25.0089897689
1.02185 25.1467986519
1.02195 25.1110136176
1.02205 25.0887960703
1.02215 25.0381893753
1.02225 25.0696751809
1.02235 24.9798320584
1.02245 24.8613133421
1.02255 24.737432291
1.02265 24.8748607526
1.02275 24.9461123643
1.02285 24.8927542281
1.02295 24.7774872951
1.02305 24.8458237665
1.02315 24.7196398425
1.02325 24.6011584444
