1.00005 0.752367
1.0001 1.50476
1.00015 2.25718
1.0002 3.00965
1.00025 3.76215
1.0003 4.51469
1.00035 5.26726
1.0004 6.01988
1.00045 6.77253
1.0005 7.52522
1.00055 8.27794
1.0006 9.03071
1.00065 9.78351
1.0007 10.5363
1.00075 11.2892
1.0008 12.0421
1.00085 12.7951
1.0009 13.5481
1.00095 14.3011
1.001 15.0542
1.00105 15.8073
1.0011 16.5604
1.00115 17.3136
1.0012 18.0668
1.00125 18.8201
1.0013 19.5734
1.00135 20.3267
1.0014 21.08
1.00145 21.8335
1.0015 22.5869
1.00155 23.3404
1.0016 24.0939
1.00165 24.8474
1.0017 25.601
1.00175 26.3547
1.0018 27.1083
1.00185 27.862
1.0019 28.6158
1.00195 29.3696
1.002 30.1234
1.00205 30.8772
1.0021 31.6311
1.00215 32.3851
1.0022 33.139
1.00225 33.893
1.0023 34.6471
1.00235 35.4011
1.0024 36.1553
1.00245 36.9094
1.0025 37.6636
1.00255 38.4178
1.0026 39.1721
1.00265 39.9264
1.0027 40.6808
1.00275 41.4351
1.0028 42.1896
1.00285 42.944
1.0029 43.6985
1.00295 44.4531
1.003 45.2076
1.00305 45.9622
1.0031 46.7169
1.00315 47.4716
1.0032 48.2263
1.00325 48.981
1.0033 49.7358
1.00335 50.4907
1.0034 51.2455
1.00345 52.0004
1.0035 52.7554
1.00355 53.5104
1.0036 54.2654
1.00365 55.0205
1.0037 55.7755
1.00375 56.5307
1.0038 57.2859
1.00385 58.0411
1.0039 58.7963
1.00395 59.5516
1.004 60.3069
1.00405 61.0623
1.0041 61.8177
1.00415 62.5731
1.0042 63.3286
1.00425 64.0841
1.0043 64.8396
1.00435 65.5952
1.0044 66.3508
1.00445 67.1065
1.0045 67.8622
1.00455 68.6179
1.0046 69.3737
1.00465 70.1295
1.0047 70.8854
1.00475 71.6413
1.0048 72.3972
1.00485 73.1531
1.0049 73.9091
1.00495 74.6652
1.005 75.4213
1.00505 76.1774
1.0051 76.9335
1.00515 77.6897
1.0052 78.4459
1.00525 79.2022
1.0053 79.9585
1.00535 80.7148
1.0054 81.4712
1.00545 82.2276
1.0055 82.9841
1.00555 83.7406
1.0056 84.4971
1.00565 85.2536
1.0057 86.0102
1.00575 86.7669
1.0058 87.5236
1.00585 88.2803
1.0059 89.037
1.00595 89.7938
1.006 90.5506
1.00605 91.3075
1.0061 92.0644
1.00615 92.8214
1.0062 93.5783
1.00625 94.3353
1.0063 95.0924
1.00635 95.8495
1.0064 96.6066
1.00645 97.3638
1.0065 98.121
1.00655 98.8782
1.0066 99.6355
1.00665 100.393
1.0067 101.15
1.00675 101.908
1.0068 102.665
1.00685 103.422
1.0069 104.18
1.00695 104.938
1.007 105.695
1.00705 106.453
1.0071 107.21
1.00715 107.968
1.0072 108.726
1.00725 109.484
1.0073 110.241
1.00735 110.999
1.0074 111.757
1.00745 112.515
1.0075 113.273
1.00755 114.031
1.0076 114.789
1.00765 115.547
1.0077 116.305
1.00775 117.063
1.0078 117.821
1.00785 118.58
1.0079 119.338
1.00795 120.096
1.008 120.855
1.00805 121.613
1.0081 122.371
1.00815 123.13
1.0082 123.888
1.00825 124.647
1.0083 125.405
1.00835 126.164
1.0084 126.923
1.00845 127.681
1.0085 128.44
1.00855 129.199
1.0086 129.957
1.00865 130.716
1.0087 131.475
1.00875 132.234
1.0088 132.993
1.00885 133.752
1.0089 134.511
1.00895 135.27
1.009 136.029
1.00905 136.788
1.0091 137.547
1.00915 138.307
1.0092 139.066
1.00925 139.825
1.0093 140.584
1.00935 141.344
1.0094 142.103
1.00945 142.863
1.0095 143.622
1.00955 144.381
1.0096 145.141
1.00965 145.901
1.0097 146.66
1.00975 147.42
1.0098 148.18
1.00985 148.939
1.0099 149.699
1.00995 150.459
1.01 151.219
1.01005 151.979
1.0101 152.738
1.01015 153.498
1.0102 154.258
1.01025 155.018
1.0103 155.778
1.01035 156.539
1.0104 157.299
1.01045 158.059
1.0105 158.819
1.01055 159.579
1.0106 160.34
1.01065 161.1
1.0107 161.86
1.01075 162.621
1.0108 163.381
1.01085 164.142
1.0109 164.902
1.01095 165.663
1.011 166.423
1.01105 167.184
1.0111 167.945
1.01115 168.705
1.0112 169.466
1.01125 170.227
1.0113 170.988
1.01135 171.748
1.0114 172.509
1.01145 173.27
1.0115 174.031
1.01155 174.792
1.0116 175.553
1.01165 176.314
1.0117 177.075
1.01175 177.837
1.0118 178.598
1.01185 179.359
1.0119 180.12
1.01195 180.882
1.012 181.643
1.01205 182.404
1.0121 183.166
1.01215 183.927
1.0122 184.689
1.01225 185.45
1.0123 186.212
1.01235 186.973
1.0124 187.735
1.01245 188.497
1.0125 189.258
1.01255 190.02
1.0126 190.782
1.01265 191.544
1.0127 192.306
1.01275 193.068
1.0128 193.83
1.01285 194.592
1.01288 194.973
1.0129 195.351
1.01293 195.697
1.01295 195.985
1.01298 196.233
1.013 196.448
1.01303 196.631
1.01305 196.79
1.01308 196.938
1.0131 197.081
1.01313 197.219
1.01315 197.356
1.01318 197.491
1.0132 197.625
1.01323 197.758
1.01325 197.889
1.01328 198.02
1.0133 198.149
1.01333 198.278
1.01335 198.405
1.01338 198.531
1.0134 198.656
1.01343 198.78
1.01345 198.903
1.01348 199.024
1.0135 199.145
1.01353 199.264
1.01355 199.383
1.01358 199.5
1.0136 199.616
1.01363 199.731
1.01365 199.845
1.01368 199.958
1.0137 200.069
1.01373 200.18
1.01375 200.29
1.01378 200.398
1.0138 200.505
1.01383 200.611
1.01385 200.716
1.01388 200.82
1.0139 200.923
1.01393 201.024
1.01395 201.125
1.01398 201.224
1.014 201.322
1.01403 201.42
1.01405 201.516
1.01408 201.61
1.0141 201.704
1.01413 201.796
1.01415 201.888
1.01418 201.978
1.0142 202.067
1.01423 202.155
1.01425 202.242
1.01428 202.328
1.0143 202.412
1.01433 202.495
1.01435 202.577
1.01438 202.658
1.0144 202.738
1.01443 202.817
1.01445 202.894
1.01448 202.971
1.0145 203.046
1.01453 203.119
1.01455 203.192
1.01458 203.263
1.0146 203.334
1.01463 203.403
1.01465 203.471
1.01468 203.537
1.0147 203.603
1.01473 203.666
1.01475 203.729
1.01478 203.791
1.0148 203.851
1.01483 203.911
1.01485 203.968
1.01488 204.025
1.0149 204.08
1.01493 204.134
1.01495 204.187
1.01498 204.238
1.015 204.288
1.01503 204.337
1.01505 204.384
1.01508 204.43
1.0151 204.474
1.01513 204.518
1.01515 204.559
1.01518 204.599
1.0152 204.638
1.01523 204.676
1.01525 204.712
1.01528 204.746
1.0153 204.779
1.01533 204.811
1.01535 204.841
1.01538 204.869
1.0154 204.895
1.01543 204.92
1.01545 204.944
1.01548 204.965
1.0155 204.985
1.01553 205.003
1.01555 205.02
1.01558 205.034
1.0156 205.047
1.01563 205.057
1.01565 205.066
1.01568 205.073
1.0157 205.077
1.01573 205.079
1.01575 205.079
1.01578 205.077
1.0158 205.073
1.01583 205.066
1.01585 205.057
1.01588 205.045
1.0159 205.03
1.01593 205.013
1.01595 204.992
1.01598 204.969
1.016 204.943
1.01603 204.913
1.01605 204.88
1.01608 204.843
1.0161 204.803
1.01613 204.759
1.01615 204.71
1.01618 204.658
1.0162 204.601
1.01623 204.539
1.01625 204.472
1.01628 204.399
1.0163 204.321
1.01633 204.237
1.01635 204.147
1.01638 204.049
1.0164 203.944
1.01643 203.831
1.01645 203.709
1.01648 203.578
1.0165 203.436
1.01653 203.283
1.01655 203.116
1.01658 202.936
1.0166 202.739
1.01663 202.524
1.01665 202.287
1.01668 202.026
1.0167 201.733
1.01673 201.404
1.01675 201.026
1.01678 200.583
1.0168 200.048
1.01683 199.356
1.01685 198.314
1.01688 34.7718
1.0169 34.7941
1.01693 34.8136
1.01695 34.8302
1.01698 34.8461
1.017 34.8612
1.01703 34.8754
1.01705 34.8881
1.01708 34.8989
1.0171 34.9087
1.01713 34.9184
1.01715 34.9276
1.01718 34.9362
1.0172 34.9439
1.01723 34.9508
1.01725 34.957
1.01728 34.9623
1.0173 34.9667
1.01733 34.9705
1.01735 34.9738
1.01738 34.9768
1.0174 34.9795
1.01743 34.9818
1.01745 34.9836
1.01748 34.9851
1.0175 34.9859
1.01753 34.9858
1.01755 34.9848
1.01758 34.9834
1.0176 34.9819
1.01763 34.9804
1.01765 34.9784
1.01768 34.9762
1.0177 34.9737
1.01773 34.9708
1.01775 34.9674
1.01778 34.9637
1.0178 34.9597
1.01783 34.9548
1.01785 34.9494
1.01788 34.944
1.0179 34.9384
1.01793 34.9327
1.01795 34.9267
1.01798 34.9208
1.018 34.9144
1.01803 34.9078
1.01805 34.901
1.01808 34.8939
1.0181 34.8864
1.01813 34.8783
1.01815 34.8701
1.01818 34.8616
1.0182 34.853
1.01823 34.8443
1.01825 34.8355
1.01828 34.8265
1.0183 34.8175
1.01833 34.8084
1.01835 34.7993
1.01838 34.7898
1.0184 34.7801
1.01843 34.77
1.01845 34.7596
1.01848 34.7489
1.0185 34.7384
1.01853 34.7276
1.01855 34.7168
1.01858 34.7059
1.0186 34.695
1.01863 34.684
1.01865 34.6729
1.01868 34.6617
1.0187 34.6504
1.01873 34.6392
1.01875 34.6275
1.01878 34.6157
1.0188 34.6036
1.01883 34.5915
1.01885 34.5793
1.01888 34.5672
1.0189 34.555
1.01893 34.5429
1.01895 34.5306
1.01898 34.5183
1.019 34.5059
1.01903 34.4934
1.01905 34.4809
1.01908 34.4683
1.0191 34.4554
1.01913 34.4426
1.01915 34.4299
1.01918 34.4169
1.0192 34.4039
1.01923 34.3909
1.01925 34.3779
1.01928 34.3648
1.0193 34.3518
1.01933 34.3388
1.01935 34.3258
1.01938 34.3129
1.0194 34.2998
1.01943 34.2866
1.01945 34.2732
1.01948 34.2599
1.0195 34.2465
1.01953 34.2331
1.01955 34.2196
1.01958 34.2062
1.0196 34.1931
1.01963 34.1797
1.01965 34.1663
1.01968 34.1529
1.0197 34.1396
1.01973 34.1262
1.01975 34.1128
1.01978 34.0995
1.0198 34.0861
1.01983 34.0726
1.01985 34.0592
1.01988 34.0461
1.0199 34.0327
1.01993 34.0193
1.01995 34.0059
1.01998 33.9925
1.02 33.9791
1.02003 33.9658
1.02005 33.9525
1.02008 33.9392
1.0201 33.926
1.02013 33.913
1.02015 33.8997
1.02018 33.8865
1.0202 33.8732
1.02023 33.8599
1.02025 33.8467
1.02028 33.8335
1.0203 33.8203
1.02033 33.8071
1.02035 33.7939
1.02038 33.7807
1.0204 33.7676
1.02043 33.7547
1.02045 33.7416
1.02048 33.7285
1.0205 33.7155
1.02053 33.7024
1.02055 33.6895
1.02058 33.6765
1.0206 33.6635
1.02063 33.6504
1.02065 33.6374
1.02068 33.6245
1.0207 33.6116
1.02073 33.5987
1.02075 33.5859
1.02078 33.5734
1.0208 33.5607
1.02083 33.548
1.02085 33.5353
1.02088 33.5226
1.0209 33.5099
1.02093 33.4972
1.02095 33.4846
1.02098 33.472
1.021 33.4594
1.02103 33.4469
1.02105 33.4343
1.02108 33.4221
1.0211 33.4096
1.02113 33.3971
1.02115 33.3847
1.02118 33.3723
1.0212 33.36
1.02123 33.3477
1.02125 33.3354
1.02128 33.3232
1.0213 33.311
1.02133 33.2989
1.02135 33.2868
1.02138 33.2747
1.0214 33.2627
1.02143 33.2509
1.02145 33.2389
1.02148 33.227
1.0215 33.2151
1.02153 33.2032
1.02155 33.1913
1.02158 33.1795
1.0216 33.1676
1.02163 33.1559
1.02165 33.1441
1.02168 33.1324
1.0217 33.1208
1.02173 33.1092
1.02175 33.0976
1.02178 33.0861
1.0218 33.0746
1.02183 33.0634
1.02185 33.0519
1.02188 33.0405
1.0219 33.0291
1.02193 33.0178
1.02195 33.0064
1.02198 32.9951
1.022 32.9838
1.02203 32.9725
1.02205 32.9612
1.02208 32.95
1.0221 32.9387
1.02213 32.9275
1.02215 32.9164
1.02218 32.9053
1.0222 32.8945
1.02223 32.8835
1.02225 32.8725
1.02228 32.8616
1.0223 32.8507
1.02233 32.8399
1.02235 32.8291
1.02238 32.8183
1.0224 32.8076
1.02243 32.797
1.02245 32.7864
1.02248 32.7758
1.0225 32.7653
1.02253 32.7548
1.02255 32.7444
1.02258 32.734
1.0226 32.7237
1.02263 32.7133
1.02265 32.7033
1.02268 32.693
1.0227 32.6827
1.02273 32.6724
1.02275 32.6621
1.02278 32.6518
1.0228 32.6416
1.02283 32.6314
1.02285 32.6213
1.02288 32.6112
1.0229 32.6011
1.02293 32.5911
1.02295 32.5811
1.02298 32.5711
1.023 32.5612
1.02303 32.5514
1.02305 32.5418
1.02308 32.5321
1.0231 32.5224
1.02313 32.5127
1.02315 32.5031
1.02318 32.4935
1.0232 32.484
1.02323 32.4745
1.02325 32.465
1.02328 32.4556
1.0233 32.4462
1.02333 32.4369
1.02335 32.4276
1.02338 32.4183
1.0234 32.409
1.02343 32.3998
1.02345 32.3905
1.02348 32.3812
1.0235 32.3722
1.02353 32.363
1.02355 32.3539
1.02358 32.3447
1.0236 32.3357
1.02363 32.3266
1.02365 32.3176
1.02368 32.3086
1.0237 32.2997
1.02373 32.2908
1.02375 32.2819
1.02378 32.2731
1.0238 32.2643
1.02383 32.2556
1.02385 32.2468
1.02388 32.2382
1.0239 32.2295
1.02393 32.2209
1.02395 32.2124
1.02398 32.2039
1.024 32.1954
1.02403 32.1873
1.02405 32.1789
1.02408 32.1705
1.0241 32.1622
1.02413 32.1539
1.02415 32.1457
1.02418 32.1374
1.0242 32.1292
1.02423 32.121
1.02425 32.1128
1.02428 32.1046
1.0243 32.0965
1.02433 32.0884
1.02435 32.0803
1.02438 32.0722
1.0244 32.0643
1.02443 32.0563
1.02445 32.0484
1.02448 32.0405
1.0245 32.033
1.02453 32.0252
1.02455 32.0174
1.02458 32.0098
1.0246 32.0021
1.02463 31.9945
1.02465 31.9869
1.02468 31.9794
1.0247 31.9718
1.02473 31.9644
1.02475 31.9569
1.02478 31.9495
1.0248 31.9421
1.02483 31.9348
1.02485 31.9275
1.02488 31.9202
1.0249 31.9129
1.02493 31.9057
1.02495 31.8985
1.02498 31.8913
1.025 31.8841
1.02503 31.877
1.02505 31.8701
1.02508 31.8631
1.0251 31.856
1.02513 31.849
1.02515 31.842
1.02518 31.835
1.0252 31.828
1.02523 31.8211
1.02525 31.8142
1.02528 31.8073
1.0253 31.8004
1.02533 31.7936
1.02535 31.7868
1.02538 31.7801
1.0254 31.7733
1.02543 31.7667
1.02545 31.76
1.02548 31.7534
1.0255 31.7469
1.02553 31.7403
1.02555 31.7338
1.02558 31.7274
1.0256 31.7212
1.02563 31.7149
1.02565 31.7085
1.02568 31.7022
1.0257 31.696
1.02573 31.6898
1.02575 31.6836
1.02578 31.6774
1.0258 31.6712
1.02583 31.6651
1.02585 31.659
1.02588 31.653
1.0259 31.6469
1.02593 31.6409
1.02595 31.6349
1.02598 31.629
1.026 31.6231
1.02603 31.6172
1.02605 31.6113
1.02608 31.6055
1.0261 31.5997
1.02613 31.5939
1.02615 31.5882
1.02618 31.5827
1.0262 31.577
1.02623 31.5714
1.02625 31.5657
1.02628 31.5601
1.0263 31.5545
1.02633 31.5489
1.02635 31.5434
1.02638 31.5379
1.0264 31.5324
1.02643 31.5269
1.02645 31.5215
1.02648 31.5161
1.0265 31.5108
1.02653 31.5055
1.02655 31.5002
1.02658 31.4949
1.0266 31.4897
1.02663 31.4846
1.02665 31.4794
1.02668 31.4743
1.0267 31.4692
1.02673 31.4641
1.02675 31.4591
1.02678 31.4543
1.0268 31.4493
1.02683 31.4444
1.02685 31.4394
1.02688 31.4345
1.0269 31.4296
1.02693 31.4248
1.02695 31.4199
1.02698 31.4151
1.027 31.4104
1.02703 31.4056
1.02705 31.4009
1.02708 31.3962
1.0271 31.3915
1.02713 31.3869
1.02715 31.3823
1.02718 31.3777
1.0272 31.3731
1.02723 31.3686
1.02725 31.3641
1.02728 31.3596
1.0273 31.3552
1.02733 31.3507
1.02735 31.3464
1.02738 31.342
1.0274 31.338
1.02743 31.3337
1.02745 31.3294
1.02748 31.3251
1.0275 31.3209
1.02753 31.3167
1.02755 31.3125
1.02758 31.3084
1.0276 31.3042
1.02763 31.3001
1.02765 31.2961
1.02768 31.292
1.0277 31.288
1.02773 31.284
1.02775 31.28
1.02778 31.276
1.0278 31.2721
1.02783 31.2682
1.02785 31.2643
1.02788 31.2605
1.0279 31.2567
1.02793 31.2529
1.02795 31.2492
1.02798 31.2454
1.028 31.2418
1.02803 31.2381
1.02805 31.2345
1.02808 31.2309
1.0281 31.2276
1.02813 31.224
1.02815 31.2205
1.02818 31.217
1.0282 31.2135
1.02823 31.2101
1.02825 31.2067
1.02828 31.2033
1.0283 31.1999
1.02833 31.1966
1.02835 31.1933
1.02838 31.19
1.0284 31.1867
1.02843 31.1834
1.02845 31.1802
1.02848 31.177
1.0285 31.1738
1.02853 31.1707
1.02855 31.1676
1.02858 31.1645
1.0286 31.1615
1.02863 31.1584
1.02865 31.1554
1.02868 31.1524
1.0287 31.1495
1.02873 31.1465
1.02875 31.1436
1.02878 31.141
1.0288 31.1382
1.02883 31.1353
1.02885 31.1325
1.02888 31.1297
1.0289 31.1269
1.02893 31.1241
1.02895 31.1213
1.02898 31.1186
1.029 31.1159
1.02903 31.1132
1.02905 31.1105
1.02908 31.1079
1.0291 31.1053
1.02913 31.1027
1.02915 31.1002
1.02918 31.0976
1.0292 31.0951
1.02923 31.0926
1.02925 31.0902
1.02928 31.0877
1.0293 31.0853
1.02933 31.0829
1.02935 31.0806
1.02938 31.0782
1.0294 31.0759
1.02943 31.0736
1.02945 31.0714
1.02948 31.0692
1.0295 31.0672
1.02953 31.0651
1.02955 31.0629
1.02958 31.0608
1.0296 31.0587
1.02963 31.0566
1.02965 31.0545
1.02968 31.0525
1.0297 31.0505
1.02973 31.0485
1.02975 31.0465
1.02978 31.0446
1.0298 31.0427
1.02983 31.0408
1.02985 31.0389
1.02988 31.0371
1.0299 31.0352
1.02993 31.0335
1.02995 31.0317
1.02998 31.03
1.03 31.0282
1.03003 31.0265
1.03005 31.0249
1.03008 31.0232
1.0301 31.0216
1.03013 31.0199
1.03015 31.0183
1.03018 31.0168
1.0302 31.0152
1.03023 31.0137
1.03025 31.0122
1.03028 31.0107
1.0303 31.0095
