k,T,v0,rho,kappa,theta,sigma,C_price
-0.2,1.0,0.31622776601683794,-1.0,0.001,0.001,0.001,0.38170041307120445
-0.2,1.0,0.31622776601683794,-0.5,0.001,0.001,0.001,0.3817041231920384
-0.2,1.0,0.31622776601683794,0.0,0.001,0.001,0.001,0.3817078395315501
-0.2,1.0,0.31622776601683794,0.5,0.001,0.001,0.001,0.38171156210045465
-0.2,1.0,0.31622776601683794,1.0,0.001,0.001,0.001,0.38171529090949047
-0.2,1.0,0.37410146388891996,-1.0,0.001,0.001,0.001,0.4006561323448811
-0.2,1.0,0.37410146388891996,-0.5,0.001,0.001,0.001,0.4006634722841057
-0.2,1.0,0.37410146388891996,0.0,0.001,0.001,0.001,0.40067082026218387
-0.2,1.0,0.37410146388891996,0.5,0.001,0.001,0.001,0.4006781762900847
-0.2,1.0,0.37410146388891996,1.0,0.001,0.001,0.001,0.40068554037879717
-0.2,1.0,0.43197516176100204,-1.0,0.001,0.001,0.001,0.41851675666892546
-0.2,1.0,0.43197516176100204,-0.5,0.001,0.001,0.001,0.41852752010364325
-0.2,1.0,0.43197516176100204,0.0,0.001,0.001,0.001,0.4185382932998185
-0.2,1.0,0.43197516176100204,0.5,0.001,0.001,0.001,0.41854907626898413
-0.2,1.0,0.43197516176100204,1.0,0.001,0.001,0.001,0.4185598690226896
-0.2,1.0,0.48984885963308405,-1.0,0.001,0.001,0.001,0.43549366323924793
-0.2,1.0,0.48984885963308405,-0.5,0.001,0.001,0.001,0.43550772647897323
-0.2,1.0,0.48984885963308405,0.0,0.001,0.001,0.001,0.4355218012010906
-0.2,1.0,0.48984885963308405,0.5,0.001,0.001,0.001,0.43553588741800237
-0.2,1.0,0.48984885963308405,1.0,0.001,0.001,0.001,0.4355499851421278
-0.2,1.0,0.5477225575051661,-1.0,0.001,0.001,0.001,0.4517442541032051
-0.2,1.0,0.5477225575051661,-0.5,0.001,0.001,0.001,0.45176155091005843
-0.2,1.0,0.5477225575051661,0.0,0.001,0.001,0.001,0.4517788609762734
-0.2,1.0,0.5477225575051661,0.5,0.001,0.001,0.001,0.4517961843154406
-0.2,1.0,0.5477225575051661,1.0,0.001,0.001,0.001,0.4518135209411688
-0.1,1.0,0.31622776601683794,-1.0,0.001,0.001,0.001,0.33396147425660017
-0.1,1.0,0.31622776601683794,-0.5,0.001,0.001,0.001,0.3339724929037815
-0.1,1.0,0.31622776601683794,0.0,0.001,0.001,0.001,0.33398352038558166
-0.1,1.0,0.31622776601683794,0.5,0.001,0.001,0.001,0.3339945567111825
-0.1,1.0,0.31622776601683794,1.0,0.001,0.001,0.001,0.3340056018897801
-0.1,1.0,0.37410146388891996,-1.0,0.001,0.001,0.001,0.35428987777196214
-0.1,1.0,0.37410146388891996,-0.5,0.001,0.001,0.001,0.3543039571995448
-0.1,1.0,0.37410146388891996,0.0,0.001,0.001,0.001,0.35431804657494986
-0.1,1.0,0.37410146388891996,0.5,0.001,0.001,0.001,0.3543321459074863
-0.1,1.0,0.37410146388891996,1.0,0.001,0.001,0.001,0.35434625520647567
-0.1,1.0,0.43197516176100204,-1.0,0.001,0.001,0.001,0.3732988678653087
-0.1,1.0,0.43197516176100204,-0.5,0.001,0.001,0.001,0.3733158729970511
-0.1,1.0,0.43197516176100204,0.0,0.001,0.001,0.001,0.37333288927562747
-0.1,1.0,0.43197516176100204,0.5,0.001,0.001,0.001,0.37334991671087386
-0.1,1.0,0.43197516176100204,1.0,0.001,0.001,0.001,0.37336695531263814
-0.1,1.0,0.48984885963308405,-1.0,0.001,0.001,0.001,0.3912569347008643
-0.1,1.0,0.48984885963308405,-0.5,0.001,0.001,0.001,0.39127679351727573
-0.1,1.0,0.48984885963308405,0.0,0.001,0.001,0.001,0.39129666478734143
-0.1,1.0,0.48984885963308405,0.5,0.001,0.001,0.001,0.3913165485217489
-0.1,1.0,0.48984885963308405,1.0,0.001,0.001,0.001,0.3913364447311984
-0.1,1.0,0.5477225575051661,-1.0,0.001,0.001,0.001,0.4083582166146539
-0.1,1.0,0.5477225575051661,-0.5,0.001,0.001,0.001,0.40838090056873544
-0.1,1.0,0.5477225575051661,0.0,0.001,0.001,0.001,0.4084035984068352
-0.1,1.0,0.5477225575051661,0.5,0.001,0.001,0.001,0.4084263101407923
-0.1,1.0,0.5477225575051661,1.0,0.001,0.001,0.001,0.4084490357824594
0.0,1.0,0.31622776601683794,-1.0,0.001,0.001,0.001,0.2888603398803867
0.0,1.0,0.31622776601683794,-0.5,0.001,0.001,0.001,0.288879849560484
0.0,1.0,0.31622776601683794,0.0,0.001,0.001,0.001,0.28889936870660127
0.0,1.0,0.31622776601683794,0.5,0.001,0.001,0.001,0.28891889732402176
0.0,1.0,0.31622776601683794,1.0,0.001,0.001,0.001,0.2889384354180386
0.0,1.0,0.37410146388891996,-1.0,0.001,0.001,0.001,0.31016760918027475
0.0,1.0,0.37410146388891996,-0.5,0.001,0.001,0.001,0.3101894294645155
0.0,1.0,0.37410146388891996,0.0,0.001,0.001,0.001,0.3102112600331211
0.0,1.0,0.37410146388891996,0.5,0.001,0.001,0.001,0.310233100892189
0.0,1.0,0.37410146388891996,1.0,0.001,0.001,0.001,0.31025495204782566
0.0,1.0,0.43197516176100204,-1.0,0.001,0.001,0.001,0.3300225108304647
0.0,1.0,0.43197516176100204,-0.5,0.001,0.001,0.001,0.3300466349460184
0.0,1.0,0.43197516176100204,0.0,0.001,0.001,0.001,0.33007077031402315
0.0,1.0,0.43197516176100204,0.5,0.001,0.001,0.001,0.33009491694154913
0.0,1.0,0.43197516176100204,1.0,0.001,0.001,0.001,0.33011907483567476
0.0,1.0,0.48984885963308405,-1.0,0.001,0.001,0.001,0.34872307389893276
0.0,1.0,0.48984885963308405,-0.5,0.001,0.001,0.001,0.34874951691053796
0.0,1.0,0.48984885963308405,0.0,0.001,0.001,0.001,0.34877597228480717
0.0,1.0,0.48984885963308405,0.5,0.001,0.001,0.001,0.34880244002995137
0.0,1.0,0.48984885963308405,1.0,0.001,0.001,0.001,0.3488289201541913
0.0,1.0,0.5477225575051661,-1.0,0.001,0.001,0.001,0.3664829647730788
0.0,1.0,0.5477225575051661,-0.5,0.001,0.001,0.001,0.36651175930931995
0.0,1.0,0.5477225575051661,0.0,0.001,0.001,0.001,0.3665405674598798
0.0,1.0,0.5477225575051661,0.5,0.001,0.001,0.001,0.36656938923429666
0.0,1.0,0.5477225575051661,1.0,0.001,0.001,0.001,0.3665982246421213
0.10000000000000003,1.0,0.31622776601683794,-1.0,0.001,0.001,0.001,0.247060670023556
0.10000000000000003,1.0,0.31622776601683794,-0.5,0.001,0.001,0.001,0.24708911882364037
0.10000000000000003,1.0,0.31622776601683794,0.0,0.001,0.001,0.001,0.2471175753240111
0.10000000000000003,1.0,0.31622776601683794,0.5,0.001,0.001,0.001,0.247146039526427
0.10000000000000003,1.0,0.31622776601683794,1.0,0.001,0.001,0.001,0.24717451143265903
0.10000000000000003,1.0,0.37410146388891996,-1.0,0.001,0.001,0.001,0.2688560096578349
0.10000000000000003,1.0,0.37410146388891996,-0.5,0.001,0.001,0.001,0.2688860019080972
0.10000000000000003,1.0,0.37410146388891996,0.0,0.001,0.001,0.001,0.2689160029187868
0.10000000000000003,1.0,0.37410146388891996,0.5,0.001,0.001,0.001,0.26894601269307045
0.10000000000000003,1.0,0.37410146388891996,1.0,0.001,0.001,0.001,0.26897603123412517
0.10000000000000003,1.0,0.43197516176100204,-1.0,0.001,0.001,0.001,0.28918032175887565
0.10000000000000003,1.0,0.43197516176100204,-0.5,0.001,0.001,0.001,0.2892119834176351
0.10000000000000003,1.0,0.43197516176100204,0.0,0.001,0.001,0.001,0.2892436549416641
0.10000000000000003,1.0,0.43197516176100204,0.5,0.001,0.001,0.001,0.2892753363354919
0.10000000000000003,1.0,0.43197516176100204,1.0,0.001,0.001,0.001,0.2893070276036573
0.10000000000000003,1.0,0.48984885963308405,-1.0,0.001,0.001,0.001,0.3083259479338724
0.10000000000000003,1.0,0.48984885963308405,-0.5,0.001,0.001,0.001,0.3083593847168973
0.10000000000000003,1.0,0.48984885963308405,0.0,0.001,0.001,0.001,0.30839283254472555
0.10000000000000003,1.0,0.48984885963308405,0.5,0.001,0.001,0.001,0.308426291423283
0.10000000000000003,1.0,0.48984885963308405,1.0,0.001,0.001,0.001,0.30845976135850606
0.10000000000000003,1.0,0.5477225575051661,-1.0,0.001,0.001,0.001,0.3265043423129303
0.10000000000000003,1.0,0.5477225575051661,-0.5,0.001,0.001,0.001,0.3265396509648341
0.10000000000000003,1.0,0.5477225575051661,0.0,0.001,0.001,0.001,0.32657497193522583
0.10000000000000003,1.0,0.5477225575051661,0.5,0.001,0.001,0.001,0.3266103052315172
0.10000000000000003,1.0,0.5477225575051661,1.0,0.001,0.001,0.001,0.32664565086113156
0.2,1.0,0.31622776601683794,-1.0,0.001,0.001,0.001,0.20909197093848803
0.2,1.0,0.31622776601683794,-0.5,0.001,0.001,0.001,0.2091289580207029
0.2,1.0,0.31622776601683794,0.0,0.001,0.001,0.001,0.20916594891382842
0.2,1.0,0.31622776601683794,0.5,0.001,0.001,0.001,0.2092029436192604
0.2,1.0,0.31622776601683794,1.0,0.001,0.001,0.001,0.2092399421384128
0.2,1.0,0.37410146388891996,-1.0,0.001,0.001,0.001,0.23082741831673886
0.2,1.0,0.37410146388891996,-0.5,0.001,0.001,0.001,0.2308653536034556
0.2,1.0,0.37410146388891996,0.0,0.001,0.001,0.001,0.23090329443165591
0.2,1.0,0.37410146388891996,0.5,0.001,0.001,0.001,0.23094124080373107
0.2,1.0,0.37410146388891996,1.0,0.001,0.001,0.001,0.23097919272208742
0.2,1.0,0.43197516176100204,-1.0,0.001,0.001,0.001,0.25119656414010566
0.2,1.0,0.43197516176100204,-0.5,0.001,0.001,0.001,0.25123565047816454
0.2,1.0,0.43197516176100204,0.0,0.001,0.001,0.001,0.25127474390629656
0.2,1.0,0.43197516176100204,0.5,0.001,0.001,0.001,0.2513138444280462
0.2,1.0,0.43197516176100204,1.0,0.001,0.001,0.001,0.25135295204697056
0.2,1.0,0.48984885963308405,-1.0,0.001,0.001,0.001,0.27044889152274454
0.2,1.0,0.48984885963308405,-0.5,0.001,0.001,0.001,0.2704892922985889
0.2,1.0,0.48984885963308405,0.0,0.001,0.001,0.001,0.2705297016426234
0.2,1.0,0.48984885963308405,0.5,0.001,0.001,0.001,0.2705701195596637
0.2,1.0,0.48984885963308405,1.0,0.001,0.001,0.001,0.2706105460545381
0.2,1.0,0.5477225575051661,-1.0,0.001,0.001,0.001,0.2887704049524616
0.2,1.0,0.5477225575051661,-0.5,0.001,0.001,0.001,0.2888122603557536
0.2,1.0,0.5477225575051661,0.0,0.001,0.001,0.001,0.28885412580021413
0.2,1.0,0.5477225575051661,0.5,0.001,0.001,0.001,0.288896001292051
0.2,1.0,0.5477225575051661,1.0,0.001,0.001,0.001,0.2889378868374846
-0.2,1.0,0.31622776601683794,-1.0,0.001,2.50075,0.001,0.38212330855491217
-0.2,1.0,0.31622776601683794,-0.5,0.001,2.50075,0.001,0.38212709509268916
-0.2,1.0,0.31622776601683794,0.0,0.001,2.50075,0.001,0.3821308878607389
-0.2,1.0,0.31622776601683794,0.5,0.001,2.50075,0.001,0.38213468686959495
-0.2,1.0,0.31622776601683794,1.0,0.001,2.50075,0.001,0.38213849213022705
-0.2,1.0,0.37410146388891996,-1.0,0.001,2.50075,0.001,0.4010526305271366
-0.2,1.0,0.37410146388891996,-0.5,0.001,2.50075,0.001,0.4010600380326145
-0.2,1.0,0.37410146388891996,0.0,0.001,2.50075,0.001,0.4010674535869752
-0.2,1.0,0.37410146388891996,0.5,0.001,2.50075,0.001,0.4010748772010399
-0.2,1.0,0.37410146388891996,1.0,0.001,2.50075,0.001,0.4010823088860408
-0.2,1.0,0.43197516176100204,-1.0,0.001,2.50075,0.001,0.4188921739501547
-0.2,1.0,0.43197516176100204,-0.5,0.001,2.50075,0.001,0.4189029993292278
-0.2,1.0,0.43197516176100204,0.0,0.001,2.50075,0.001,0.41891383448051034
-0.2,1.0,0.43197516176100204,0.5,0.001,2.50075,0.001,0.41892467941541583
-0.2,1.0,0.43197516176100204,1.0,0.001,2.50075,0.001,0.4189355341457465
-0.2,1.0,0.48984885963308405,-1.0,0.001,2.50075,0.001,0.4358518869873599
-0.2,1.0,0.48984885963308405,-0.5,0.001,2.50075,0.001,0.43586600862922287
-0.2,1.0,0.48984885963308405,0.0,0.001,2.50075,0.001,0.43588014176607137
-0.2,1.0,0.48984885963308405,0.5,0.001,2.50075,0.001,0.4358942864102138
-0.2,1.0,0.48984885963308405,1.0,0.001,2.50075,0.001,0.43590844257433176
-0.2,1.0,0.5477225575051661,-1.0,0.001,2.50075,0.001,0.4520882366917029
-0.2,1.0,0.5477225575051661,-0.5,0.001,2.50075,0.001,0.45210558978825166
-0.2,1.0,0.5477225575051661,0.0,0.001,2.50075,0.001,0.4521229561592383
-0.2,1.0,0.5477225575051661,0.5,0.001,2.50075,0.001,0.4521403358181819
-0.2,1.0,0.5477225575051661,1.0,0.001,2.50075,0.001,0.45215772877896443
-0.1,1.0,0.31622776601683794,-1.0,0.001,2.50075,0.001,0.334416975755893
-0.1,1.0,0.31622776601683794,-0.5,0.001,2.50075,0.001,0.3344280480328773
-0.1,1.0,0.31622776601683794,0.0,0.001,2.50075,0.001,0.3344391291296187
-0.1,1.0,0.31622776601683794,0.5,0.001,2.50075,0.001,0.33445021905510325
-0.1,1.0,0.31622776601683794,1.0,0.001,2.50075,0.001,0.33446131781880706
-0.1,1.0,0.37410146388891996,-1.0,0.001,2.50075,0.001,0.35471331046627325
-0.1,1.0,0.37410146388891996,-0.5,0.001,2.50075,0.001,0.35472743857328354
-0.1,1.0,0.37410146388891996,0.0,0.001,2.50075,0.001,0.35474157662001193
-0.1,1.0,0.37410146388891996,0.5,0.001,2.50075,0.001,0.35475572461560373
-0.1,1.0,0.37410146388891996,1.0,0.001,2.50075,0.001,0.3547698825696673
-0.1,1.0,0.43197516176100204,-1.0,0.001,2.50075,0.001,0.3736970970973963
-0.1,1.0,0.43197516176100204,-0.5,0.001,2.50075,0.001,0.37371414805914627
-0.1,1.0,0.43197516176100204,0.0,0.001,2.50075,0.001,0.37373121016522737
-0.1,1.0,0.43197516176100204,0.5,0.001,2.50075,0.001,0.37374828342533845
-0.1,1.0,0.43197516176100204,1.0,0.001,2.50075,0.001,0.37376536784961717
-0.1,1.0,0.48984885963308405,-1.0,0.001,2.50075,0.001,0.3916348154858018
-0.1,1.0,0.48984885963308405,-0.5,0.001,2.50075,0.001,0.3916547186185939
-0.1,1.0,0.48984885963308405,0.0,0.001,2.50075,0.001,0.3916746342074067
-0.1,1.0,0.48984885963308405,0.5,0.001,2.50075,0.001,0.39169456226281363
-0.1,1.0,0.48984885963308405,1.0,0.001,2.50075,0.001,0.39171450279580766
-0.1,1.0,0.5477225575051661,-1.0,0.001,2.50075,0.001,0.4087193440330373
-0.1,1.0,0.5477225575051661,-0.5,0.001,2.50075,0.001,0.4087420717078347
-0.1,1.0,0.5477225575051661,0.0,0.001,2.50075,0.001,0.40876481327344194
-0.1,1.0,0.5477225575051661,0.5,0.001,2.50075,0.001,0.40878756874160477
-0.1,1.0,0.5477225575051661,1.0,0.001,2.50075,0.001,0.40881033812447376
0.0,1.0,0.31622776601683794,-1.0,0.001,2.50075,0.001,0.28933869937403944
0.0,1.0,0.31622776601683794,-0.5,0.001,2.50075,0.001,0.28935823358839985
0.0,1.0,0.31622776601683794,0.0,0.001,2.50075,0.001,0.28937777724491903
0.0,1.0,0.31622776601683794,0.5,0.001,2.50075,0.001,0.28939733034870807
0.0,1.0,0.31622776601683794,1.0,0.001,2.50075,0.001,0.28941689290542244
0.0,1.0,0.37410146388891996,-1.0,0.001,2.50075,0.001,0.31061060513298755
0.0,1.0,0.37410146388891996,-0.5,0.001,2.50075,0.001,0.31063245091800107
0.0,1.0,0.37410146388891996,0.0,0.001,2.50075,0.001,0.31065430697309254
0.0,1.0,0.37410146388891996,0.5,0.001,2.50075,0.001,0.3106761733042024
0.0,1.0,0.37410146388891996,1.0,0.001,2.50075,0.001,0.3106980499177862
0.0,1.0,0.43197516176100204,-1.0,0.001,2.50075,0.001,0.3304378004219995
0.0,1.0,0.43197516176100204,-0.5,0.001,2.50075,0.001,0.3304619511743371
0.0,1.0,0.43197516176100204,0.0,0.001,2.50075,0.001,0.33048611317197873
0.0,1.0,0.43197516176100204,0.5,0.001,2.50075,0.001,0.3305102864218533
0.0,1.0,0.43197516176100204,1.0,0.001,2.50075,0.001,0.33053447093137894
0.0,1.0,0.48984885963308405,-1.0,0.001,2.50075,0.001,0.3491160208901652
0.0,1.0,0.48984885963308405,-0.5,0.001,2.50075,0.001,0.3491424918381598
0.0,1.0,0.48984885963308405,0.0,0.001,2.50075,0.001,0.3491689751474162
0.0,1.0,0.48984885963308405,0.5,0.001,2.50075,0.001,0.3491954708260209
0.0,1.0,0.48984885963308405,1.0,0.001,2.50075,0.001,0.34922197888252754
0.0,1.0,0.5477225575051661,-1.0,0.001,2.50075,0.001,0.36685751106213826
0.0,1.0,0.5477225575051661,-0.5,0.001,2.50075,0.001,0.36688633499299184
0.0,1.0,0.5477225575051661,0.0,0.001,2.50075,0.001,0.36691517254168204
0.0,1.0,0.5477225575051661,0.5,0.001,2.50075,0.001,0.36694402371763934
0.0,1.0,0.5477225575051661,1.0,0.001,2.50075,0.001,0.36697288853074284
0.10000000000000003,1.0,0.31622776601683794,-1.0,0.001,2.50075,0.001,0.24754971966991576
0.10000000000000003,1.0,0.31622776601683794,-0.5,0.001,2.50075,0.001,0.24757816289277673
0.10000000000000003,1.0,0.31622776601683794,0.0,0.001,2.50075,0.001,0.24760661380530327
0.10000000000000003,1.0,0.31622776601683794,0.5,0.001,2.50075,0.001,0.24763507240910257
0.10000000000000003,1.0,0.31622776601683794,1.0,0.001,2.50075,0.001,0.24766353870638205
0.10000000000000003,1.0,0.37410146388891996,-1.0,0.001,2.50075,0.001,0.26930939019480493
0.10000000000000003,1.0,0.37410146388891996,-0.5,0.001,2.50075,0.001,0.2693393839697191
0.10000000000000003,1.0,0.37410146388891996,0.0,0.001,2.50075,0.001,0.26936938649933295
0.10000000000000003,1.0,0.37410146388891996,0.5,0.001,2.50075,0.001,0.2693993977866618
0.10000000000000003,1.0,0.37410146388891996,1.0,0.001,2.50075,0.001,0.26942941783528934
0.10000000000000003,1.0,0.43197516176100204,-1.0,0.001,2.50075,0.001,0.2896055087795906
0.10000000000000003,1.0,0.43197516176100204,-0.5,0.001,2.50075,0.001,0.28963717724699983
0.10000000000000003,1.0,0.43197516176100204,0.0,0.001,2.50075,0.001,0.28966885557826155
0.10000000000000003,1.0,0.43197516176100204,0.5,0.001,2.50075,0.001,0.2897005437777604
0.10000000000000003,1.0,0.43197516176100204,1.0,0.001,2.50075,0.001,0.2897322418504209
0.10000000000000003,1.0,0.48984885963308405,-1.0,0.001,2.50075,0.001,0.30872823140188216
0.10000000000000003,1.0,0.48984885963308405,-0.5,0.001,2.50075,0.001,0.30876167923169834
0.10000000000000003,1.0,0.48984885963308405,0.0,0.001,2.50075,0.001,0.30879513810878784
0.10000000000000003,1.0,0.48984885963308405,0.5,0.001,2.50075,0.001,0.3088286080389423
0.10000000000000003,1.0,0.48984885963308405,1.0,0.001,2.50075,0.001,0.30886208902846846
0.10000000000000003,1.0,0.5477225575051661,-1.0,0.001,2.50075,0.001,0.32688763884643746
0.10000000000000003,1.0,0.5477225575051661,-0.5,0.001,2.50075,0.001,0.32692296215705346
0.10000000000000003,1.0,0.5477225575051661,0.0,0.001,2.50075,0.001,0.3269582977922385
0.10000000000000003,1.0,0.5477225575051661,0.5,0.001,2.50075,0.001,0.32699364575928164
0.10000000000000003,1.0,0.5477225575051661,1.0,0.001,2.50075,0.001,0.3270290060659666
0.2,1.0,0.31622776601683794,-1.0,0.001,2.50075,0.001,0.20957819400503266
0.2,1.0,0.31622776601683794,-0.5,0.001,2.50075,0.001,0.2096151504735026
0.2,1.0,0.31622776601683794,0.0,0.001,2.50075,0.001,0.2096521107738462
0.2,1.0,0.31622776601683794,0.5,0.001,2.50075,0.001,0.20968907490728458
0.2,1.0,0.31622776601683794,1.0,0.001,2.50075,0.001,0.20972604287569171
0.2,1.0,0.37410146388891996,-1.0,0.001,2.50075,0.001,0.2312808766166406
0.2,1.0,0.37410146388891996,-0.5,0.001,2.50075,0.001,0.23131879268468483
0.2,1.0,0.37410146388891996,0.0,0.001,2.50075,0.001,0.23135671430970722
0.2,1.0,0.37410146388891996,0.5,0.001,2.50075,0.001,0.2313946414939291
0.2,1.0,0.37410146388891996,1.0,0.001,2.50075,0.001,0.23143257424019067
0.2,1.0,0.43197516176100204,-1.0,0.001,2.50075,0.001,0.25162353119755365
0.2,1.0,0.43197516176100204,-0.5,0.001,2.50075,0.001,0.2516626067050079
0.2,1.0,0.43197516176100204,0.0,0.001,2.50075,0.001,0.25170168931602177
0.2,1.0,0.43197516176100204,0.5,0.001,2.50075,0.001,0.25174077903397707
0.2,1.0,0.43197516176100204,1.0,0.001,2.50075,0.001,0.2517798758628435
0.2,1.0,0.48984885963308405,-1.0,0.001,2.50075,0.001,0.2708539639100059
0.2,1.0,0.48984885963308405,-0.5,0.001,2.50075,0.001,0.27089436039868703
0.2,1.0,0.48984885963308405,0.0,0.001,2.50075,0.001,0.27093476546880424
0.2,1.0,0.48984885963308405,0.5,0.001,2.50075,0.001,0.2709751791250201
0.2,1.0,0.48984885963308405,1.0,0.001,2.50075,0.001,0.2710156013725593
0.2,1.0,0.5477225575051661,-1.0,0.001,2.50075,0.001,0.28915707388130135
0.2,1.0,0.5477225575051661,-0.5,0.001,2.50075,0.001,0.2891989303592033
0.2,1.0,0.5477225575051661,0.0,0.001,2.50075,0.001,0.28924079689227883
0.2,1.0,0.5477225575051661,0.5,0.001,2.50075,0.001,0.2892826734865941
0.2,1.0,0.5477225575051661,1.0,0.001,2.50075,0.001,0.28932456014875246
-0.2,1.0,0.31622776601683794,-1.0,0.001,5.000500000000001,0.001,0.3825455639568814
-0.2,1.0,0.31622776601683794,-0.5,0.001,5.000500000000001,0.001,0.38254942658694585
-0.2,1.0,0.31622776601683794,0.0,0.001,5.000500000000001,0.001,0.3825532954589427
-0.2,1.0,0.31622776601683794,0.5,0.001,5.000500000000001,0.001,0.3825571705832253
-0.2,1.0,0.31622776601683794,1.0,0.001,5.000500000000001,0.001,0.3825610519709962
-0.2,1.0,0.37410146388891996,-1.0,0.001,5.000500000000001,0.001,0.40144862362456063
-0.2,1.0,0.37410146388891996,-0.5,0.001,5.000500000000001,0.001,0.4014560984895948
-0.2,1.0,0.37410146388891996,0.0,0.001,5.000500000000001,0.001,0.40146358141363825
-0.2,1.0,0.37410146388891996,0.5,0.001,5.000500000000001,0.001,0.40147107240736846
-0.2,1.0,0.37410146388891996,1.0,0.001,5.000500000000001,0.001,0.4014785714822609
-0.2,1.0,0.43197516176100204,-1.0,0.001,5.000500000000001,0.001,0.4192671829050196
-0.2,1.0,0.43197516176100204,-0.5,0.001,5.000500000000001,0.001,0.4192780700934829
-0.2,1.0,0.43197516176100204,0.0,0.001,5.000500000000001,0.001,0.4192889670650115
-0.2,1.0,0.43197516176100204,0.5,0.001,5.000500000000001,0.001,0.4192998738309029
-0.2,1.0,0.43197516176100204,1.0,0.001,5.000500000000001,0.001,0.41931079040321234
-0.2,1.0,0.48984885963308405,-1.0,0.001,5.000500000000001,0.001,0.4362097747101228
-0.2,1.0,0.48984885963308405,-0.5,0.001,5.000500000000001,0.001,0.43622395466596303
-0.2,1.0,0.48984885963308405,0.0,0.001,5.000500000000001,0.001,0.436238146129485
-0.2,1.0,0.48984885963308405,0.5,0.001,5.000500000000001,0.001,0.4362523491129047
-0.2,1.0,0.48984885963308405,1.0,0.001,5.000500000000001,0.001,0.43626656362916605
-0.2,1.0,0.5477225575051661,-1.0,0.001,5.000500000000001,0.001,0.45243193913828145
-0.2,1.0,0.5477225575051661,-0.5,0.001,5.000500000000001,0.001,0.45244934846874396
-0.2,1.0,0.5477225575051661,0.0,0.001,5.000500000000001,0.001,0.4524667710888193
-0.2,1.0,0.5477225575051661,0.5,0.001,5.000500000000001,0.001,0.45248420701195724
-0.2,1.0,0.5477225575051661,1.0,0.001,5.000500000000001,0.001,0.45250165625231364
-0.1,1.0,0.31622776601683794,-1.0,0.001,5.000500000000001,0.001,0.33487169178523446
-0.1,1.0,0.31622776601683794,-0.5,0.001,5.000500000000001,0.001,0.33488281752211785
-0.1,1.0,0.31622776601683794,0.0,0.001,5.000500000000001,0.001,0.33489395206430483
-0.1,1.0,0.31622776601683794,0.5,0.001,5.000500000000001,0.001,0.33490509542058744
-0.1,1.0,0.31622776601683794,1.0,0.001,5.000500000000001,0.001,0.33491624760072214
-0.1,1.0,0.37410146388891996,-1.0,0.001,5.000500000000001,0.001,0.35513613535425365
-0.1,1.0,0.37410146388891996,-0.5,0.001,5.000500000000001,0.001,0.35515031204137887
-0.1,1.0,0.37410146388891996,0.0,0.001,5.000500000000001,0.001,0.3551644986604097
-0.1,1.0,0.37410146388891996,0.5,0.001,5.000500000000001,0.001,0.35517869522033213
-0.1,1.0,0.37410146388891996,1.0,0.001,5.000500000000001,0.001,0.3551929017310402
-0.1,1.0,0.43197516176100204,-1.0,0.001,5.000500000000001,0.001,0.3740948410739445
-0.1,1.0,0.43197516176100204,-0.5,0.001,5.000500000000001,0.001,0.3741119378082688
-0.1,1.0,0.43197516176100204,0.0,0.001,5.000500000000001,0.001,0.3741290456846438
-0.1,1.0,0.43197516176100204,0.5,0.001,5.000500000000001,0.001,0.3741461647126339
-0.1,1.0,0.43197516176100204,1.0,0.001,5.000500000000001,0.001,0.37416329490266653
-0.1,1.0,0.48984885963308405,-1.0,0.001,5.000500000000001,0.001,0.3920123000255669
-0.1,1.0,0.48984885963308405,-0.5,0.001,5.000500000000001,0.001,0.3920322474443013
-0.1,1.0,0.48984885963308405,0.0,0.001,5.000500000000001,0.001,0.39205220732160107
-0.1,1.0,0.48984885963308405,0.5,0.001,5.000500000000001,0.001,0.392072179667927
-0.1,1.0,0.48984885963308405,1.0,0.001,5.000500000000001,0.001,0.3920921644945653
-0.1,1.0,0.5477225575051661,-1.0,0.001,5.000500000000001,0.001,0.40908014249497693
-0.1,1.0,0.5477225575051661,-0.5,0.001,5.000500000000001,0.001,0.4091029138786963
-0.1,1.0,0.5477225575051661,0.0,0.001,5.000500000000001,0.001,0.40912569916016583
-0.1,1.0,0.5477225575051661,0.5,0.001,5.000500000000001,0.001,0.40914849835103984
-0.1,1.0,0.5477225575051661,1.0,0.001,5.000500000000001,0.001,0.40917131146376684
0.0,1.0,0.31622776601683794,-1.0,0.001,5.000500000000001,0.001,0.2898161906564137
0.0,1.0,0.31622776601683794,-0.5,0.001,5.000500000000001,0.001,0.28983574945884727
0.0,1.0,0.31622776601683794,0.0,0.001,5.000500000000001,0.001,0.28985531768009887
0.0,1.0,0.31622776601683794,0.5,0.001,5.000500000000001,0.001,0.2898748953251081
0.0,1.0,0.31622776601683794,1.0,0.001,5.000500000000001,0.001,0.2898944823998918
0.0,1.0,0.37410146388891996,-1.0,0.001,5.000500000000001,0.001,0.31105293209611073
0.0,1.0,0.37410146388891996,-0.5,0.001,5.000500000000001,0.001,0.3110748034299739
0.0,1.0,0.37410146388891996,0.0,0.001,5.000500000000001,0.001,0.3110966850199794
0.0,1.0,0.37410146388891996,0.5,0.001,5.000500000000001,0.001,0.31111857687191374
0.0,1.0,0.37410146388891996,1.0,0.001,5.000500000000001,0.001,0.31114047899258074
0.0,1.0,0.43197516176100204,-1.0,0.001,5.000500000000001,0.001,0.33085255698374033
0.0,1.0,0.43197516176100204,-0.5,0.001,5.000500000000001,0.001,0.3308767344181331
0.0,1.0,0.43197516176100204,0.0,0.001,5.000500000000001,0.001,0.3309009230909386
0.0,1.0,0.43197516176100204,0.5,0.001,5.000500000000001,0.001,0.33092512300894766
0.0,1.0,0.43197516176100204,1.0,0.001,5.000500000000001,0.001,0.33094933417991695
0.0,1.0,0.48984885963308405,-1.0,0.001,5.000500000000001,0.001,0.3495085327845965
0.0,1.0,0.48984885963308405,-0.5,0.001,5.000500000000001,0.001,0.34953503171311123
0.0,1.0,0.48984885963308405,0.0,0.001,5.000500000000001,0.001,0.34956154300168396
0.0,1.0,0.48984885963308405,0.5,0.001,5.000500000000001,0.001,0.3495880666582775
0.0,1.0,0.48984885963308405,1.0,0.001,5.000500000000001,0.001,0.34961460269177824
0.0,1.0,0.5477225575051661,-1.0,0.001,5.000500000000001,0.001,0.3672316957854228
0.0,1.0,0.5477225575051661,-0.5,0.001,5.000500000000001,0.001,0.3672605491549264
0.0,1.0,0.5477225575051661,0.0,0.001,5.000500000000001,0.001,0.3672894161459451
0.0,1.0,0.5477225575051661,0.5,0.001,5.000500000000001,0.001,0.36731829676780237
0.0,1.0,0.5477225575051661,1.0,0.001,5.000500000000001,0.001,0.36734719103070673
0.10000000000000003,1.0,0.31622776601683794,-1.0,0.001,5.000500000000001,0.001,0.24803789763393969
0.10000000000000003,1.0,0.31622776601683794,-0.5,0.001,5.000500000000001,0.001,0.24806633556554558
0.10000000000000003,1.0,0.31622776601683794,0.0,0.001,5.000500000000001,0.001,0.24809478117651834
0.10000000000000003,1.0,0.31622776601683794,0.5,0.001,5.000500000000001,0.001,0.2481232344683134
0.10000000000000003,1.0,0.31622776601683794,1.0,0.001,5.000500000000001,0.001,0.24815169544357277
0.10000000000000003,1.0,0.37410146388891996,-1.0,0.001,5.000500000000001,0.001,0.2697620924905537
0.10000000000000003,1.0,0.37410146388891996,-0.5,0.001,5.000500000000001,0.001,0.2697920879915929
0.10000000000000003,1.0,0.37410146388891996,0.0,0.001,5.000500000000001,0.001,0.26982209224184095
0.10000000000000003,1.0,0.37410146388891996,0.5,0.001,5.000500000000001,0.001,0.2698521052441644
0.10000000000000003,1.0,0.37410146388891996,1.0,0.001,5.000500000000001,0.001,0.26988212700255193
0.10000000000000003,1.0,0.43197516176100204,-1.0,0.001,5.000500000000001,0.001,0.2900301511230488
0.10000000000000003,1.0,0.43197516176100204,-0.5,0.001,5.000500000000001,0.001,0.2900618265515411
0.10000000000000003,1.0,0.43197516176100204,0.0,0.001,5.000500000000001,0.001,0.2900935118426527
0.10000000000000003,1.0,0.43197516176100204,0.5,0.001,5.000500000000001,0.001,0.29012520700062594
0.10000000000000003,1.0,0.43197516176100204,1.0,0.001,5.000500000000001,0.001,0.2901569120307696
0.10000000000000003,1.0,0.48984885963308405,-1.0,0.001,5.000500000000001,0.001,0.3091300672155447
0.10000000000000003,1.0,0.48984885963308405,-0.5,0.001,5.000500000000001,0.001,0.309163526214282
0.10000000000000003,1.0,0.48984885963308405,0.0,0.001,5.000500000000001,0.001,0.30919699626291197
0.10000000000000003,1.0,0.48984885963308405,0.5,0.001,5.000500000000001,0.001,0.3092304773670931
0.10000000000000003,1.0,0.48984885963308405,1.0,0.001,5.000500000000001,0.001,0.30926396953350205
0.10000000000000003,1.0,0.5477225575051661,-1.0,0.001,5.000500000000001,0.001,0.32727056103143937
0.10000000000000003,1.0,0.5477225575051661,-0.5,0.001,5.000500000000001,0.001,0.3273058991033612
0.10000000000000003,1.0,0.5477225575051661,0.0,0.001,5.000500000000001,0.001,0.32734124950605836
0.10000000000000003,1.0,0.5477225575051661,0.5,0.001,5.000500000000001,0.001,0.3273766122466991
0.10000000000000003,1.0,0.5477225575051661,1.0,0.001,5.000500000000001,0.001,0.3274119873334273
0.2,1.0,0.31622776601683794,-1.0,0.001,5.000500000000001,0.001,0.21006362652685337
0.2,1.0,0.31622776601683794,-0.5,0.001,5.000500000000001,0.001,0.2101005528387765
0.2,1.0,0.31622776601683794,0.0,0.001,5.000500000000001,0.001,0.21013748300341972
0.2,1.0,0.31622776601683794,0.5,0.001,5.000500000000001,0.001,0.21017441702182899
0.2,1.0,0.31622776601683794,1.0,0.001,5.000500000000001,0.001,0.21021135489633674
0.2,1.0,0.37410146388891996,-1.0,0.001,5.000500000000001,0.001,0.23173370358257175
0.2,1.0,0.37410146388891996,-0.5,0.001,5.000500000000001,0.001,0.2317716007537544
0.2,1.0,0.37410146388891996,0.0,0.001,5.000500000000001,0.001,0.23180950349739027
0.2,1.0,0.37410146388891996,0.5,0.001,5.000500000000001,0.001,0.2318474118155329
0.2,1.0,0.37410146388891996,1.0,0.001,5.000500000000001,0.001,0.23188532571145462
0.2,1.0,0.43197516176100204,-1.0,0.001,5.000500000000001,0.001,0.2520499813710885
0.2,1.0,0.43197516176100204,-0.5,0.001,5.000500000000001,0.001,0.25208904628814777
0.2,1.0,0.43197516176100204,0.0,0.001,5.000500000000001,0.001,0.25212811832227516
0.2,1.0,0.43197516176100204,0.5,0.001,5.000500000000001,0.001,0.2521671974766918
0.2,1.0,0.43197516176100204,1.0,0.001,5.000500000000001,0.001,0.252206283755779
0.2,1.0,0.48984885963308405,-1.0,0.001,5.000500000000001,0.001,0.27125860499777277
0.2,1.0,0.48984885963308405,-0.5,0.001,5.000500000000001,0.001,0.27129899738738456
0.2,1.0,0.48984885963308405,0.0,0.001,5.000500000000001,0.001,0.2713393983717197
0.2,1.0,0.48984885963308405,0.5,0.001,5.000500000000001,0.001,0.27137980795528865
0.2,1.0,0.48984885963308405,1.0,0.001,5.000500000000001,0.001,0.27142022614371136
0.2,1.0,0.5477225575051661,-1.0,0.001,5.000500000000001,0.001,0.28954337760009874
0.2,1.0,0.5477225575051661,-0.5,0.001,5.000500000000001,0.001,0.2895852353059653
0.2,1.0,0.5477225575051661,0.0,0.001,5.000500000000001,0.001,0.28962710308106043
0.2,1.0,0.5477225575051661,0.5,0.001,5.000500000000001,0.001,0.28966898093130883
0.2,1.0,0.5477225575051661,1.0,0.001,5.000500000000001,0.001,0.2897108688636974
-0.2,1.0,0.31622776601683794,1.0,0.001,7.50025,0.001,0.38298297391241354
-0.2,1.0,0.37410146388891996,1.0,0.001,7.50025,0.001,0.4018743306059896
-0.2,1.0,0.43197516176100204,1.0,0.001,7.50025,0.001,0.4196856395841632
-0.2,1.0,0.48984885963308405,1.0,0.001,7.50025,0.001,0.4366243496687977
-0.2,1.0,0.5477225575051661,1.0,0.001,7.50025,0.001,0.4528453044304602
-0.1,1.0,0.31622776601683794,1.0,0.001,7.50025,0.001,0.33537039590503187
-0.1,1.0,0.37410146388891996,1.0,0.001,7.50025,0.001,0.35561531582144057
-0.1,1.0,0.43197516176100204,1.0,0.001,7.50025,0.001,0.3745607386969889
-0.1,1.0,0.48984885963308405,1.0,0.001,7.50025,0.001,0.3924694314809621
-0.1,1.0,0.5477225575051661,1.0,0.001,7.50025,0.001,0.4095319570731457
0.0,1.0,0.31622776601683794,1.0,0.001,7.50025,0.001,0.29037120915704656
0.0,1.0,0.37410146388891996,1.0,0.001,7.50025,0.001,0.3115822427547971
0.0,1.0,0.43197516176100204,1.0,0.001,7.50025,0.001,0.3313636670344858
0.0,1.0,0.48984885963308405,1.0,0.001,7.50025,0.001,0.3500067933918032
0.0,1.0,0.5477225575051661,1.0,0.001,7.50025,0.001,0.36772113352674396
0.10000000000000003,1.0,0.31622776601683794,1.0,0.001,7.50025,0.001,0.24863898670367607
0.10000000000000003,1.0,0.37410146388891996,1.0,0.001,7.50025,0.001,0.2703341621352748
0.10000000000000003,1.0,0.43197516176100204,1.0,0.001,7.50025,0.001,0.2905810405631027
0.10000000000000003,1.0,0.48984885963308405,1.0,0.001,7.50025,0.001,0.30966540467088594
0.10000000000000003,1.0,0.5477225575051661,1.0,0.001,7.50025,0.001,0.3277945960461874
0.2,1.0,0.31622776601683794,1.0,0.001,7.50025,0.001,0.2106958822606756
0.2,1.0,0.37410146388891996,1.0,0.001,7.50025,0.001,0.23233744999678793
0.2,1.0,0.43197516176100204,1.0,0.001,7.50025,0.001,0.25263217783040814
0.2,1.0,0.48984885963308405,1.0,0.001,7.50025,0.001,0.2718244219713745
0.2,1.0,0.5477225575051661,1.0,0.001,7.50025,0.001,0.29009681423953965
0.10000000000000003,1.0,0.31622776601683794,-1.0,5.00075,2.50075,5.00075,0.49310628833155645
0.10000000000000003,1.0,0.37410146388891996,-1.0,5.00075,2.50075,5.00075,0.4944962359792348
0.10000000000000003,1.0,0.43197516176100204,-1.0,5.00075,2.50075,5.00075,0.49588306774299296
0.10000000000000003,1.0,0.48984885963308405,-1.0,5.00075,2.50075,5.00075,0.49726680966274134
0.10000000000000003,1.0,0.5477225575051661,-1.0,5.00075,2.50075,5.00075,0.49864748754087174
0.2,1.0,0.31622776601683794,-1.0,5.00075,2.50075,5.00075,0.45040394891565555
0.2,1.0,0.37410146388891996,-1.0,5.00075,2.50075,5.00075,0.4518432573771461
0.2,1.0,0.43197516176100204,-1.0,5.00075,2.50075,5.00075,0.45327923239274753
0.2,1.0,0.48984885963308405,-1.0,5.00075,2.50075,5.00075,0.4547119000750141
0.2,1.0,0.5477225575051661,-1.0,5.00075,2.50075,5.00075,0.4561412863101088
-0.2,1.0,0.31622776601683794,1.0,5.00075,5.000500000000001,5.00075,0.0022426991736147176
-0.2,1.0,0.37410146388891996,1.0,5.00075,5.000500000000001,5.00075,0.0022166504202957432
-0.2,1.0,0.43197516176100204,1.0,5.00075,5.000500000000001,5.00075,0.00219090556991437
-0.2,1.0,0.48984885963308405,1.0,5.00075,5.000500000000001,5.00075,0.0021654610664868135
-0.2,1.0,0.5477225575051661,1.0,5.00075,5.000500000000001,5.00075,0.002140313395729382
-0.1,1.0,0.31622776601683794,1.0,5.00075,5.000500000000001,5.00075,0.0020915112074232963
-0.1,1.0,0.37410146388891996,1.0,5.00075,5.000500000000001,5.00075,0.0020672269685819557
-0.1,1.0,0.43197516176100204,1.0,5.00075,5.000500000000001,5.00075,0.002043226002444071
-0.1,1.0,0.48984885963308405,1.0,5.00075,5.000500000000001,5.00075,0.0020195049952869237
-0.1,1.0,0.5477225575051661,1.0,5.00075,5.000500000000001,5.00075,0.001996060672199467
0.0,1.0,0.31622776601683794,1.0,5.00075,5.000500000000001,5.00075,0.001950403980910292
0.0,1.0,0.37410146388891996,1.0,5.00075,5.000500000000001,5.00075,0.0019277714415677802
0.0,1.0,0.43197516176100204,1.0,5.00075,5.000500000000001,5.00075,0.0019054028159384683
0.0,1.0,0.48984885963308405,1.0,5.00075,5.000500000000001,5.00075,0.0018832950177025336
0.0,1.0,0.5477225575051661,1.0,5.00075,5.000500000000001,5.00075,0.0018614449966451792
0.10000000000000003,1.0,0.31622776601683794,1.0,5.00075,5.000500000000001,5.00075,0.001818788808304571
0.10000000000000003,1.0,0.37410146388891996,1.0,5.00075,5.000500000000001,5.00075,0.0017977011115939937
0.10000000000000003,1.0,0.43197516176100204,1.0,5.00075,5.000500000000001,5.00075,0.0017768591760207793
0.10000000000000003,1.0,0.48984885963308405,1.0,5.00075,5.000500000000001,5.00075,0.0017562601285378832
0.10000000000000003,1.0,0.5477225575051661,1.0,5.00075,5.000500000000001,5.00075,0.0017359011296695249
0.2,1.0,0.31622776601683794,1.0,5.00075,5.000500000000001,5.00075,0.0016961071835493876
0.2,1.0,0.37410146388891996,1.0,5.00075,5.000500000000001,5.00075,0.001676463118589134
0.2,1.0,0.43197516176100204,1.0,5.00075,5.000500000000001,5.00075,0.0016570478062000514
0.2,1.0,0.48984885963308405,1.0,5.00075,5.000500000000001,5.00075,0.0016378585731933065
0.2,1.0,0.5477225575051661,1.0,5.00075,5.000500000000001,5.00075,0.0016188927775815242
-0.2,1.0,0.31622776601683794,1.0,10.000499999999999,5.000500000000001,10.000499999999999,0.008609894160743446
-0.2,1.0,0.37410146388891996,1.0,10.000499999999999,5.000500000000001,10.000499999999999,0.008449118961330647
-0.2,1.0,0.43197516176100204,1.0,10.000499999999999,5.000500000000001,10.000499999999999,0.008291339679274892
-0.2,1.0,0.48984885963308405,1.0,10.000499999999999,5.000500000000001,10.000499999999999,0.008136500400548164
-0.2,1.0,0.5477225575051661,1.0,10.000499999999999,5.000500000000001,10.000499999999999,0.00798454625613197
-0.1,1.0,0.31622776601683794,1.0,10.000499999999999,5.000500000000001,10.000499999999999,0.007999716856430828
-0.1,1.0,0.37410146388891996,1.0,10.000499999999999,5.000500000000001,10.000499999999999,0.00785050685549906
-0.1,1.0,0.43197516176100204,1.0,10.000499999999999,5.000500000000001,10.000499999999999,0.0077040764134340455
-0.1,1.0,0.48984885963308405,1.0,10.000499999999999,5.000500000000001,10.000499999999999,0.007560373657490113
-0.1,1.0,0.5477225575051661,1.0,10.000499999999999,5.000500000000001,10.000499999999999,0.007419347684397765
0.0,1.0,0.31622776601683794,1.0,10.000499999999999,5.000500000000001,10.000499999999999,0.0074325923570474845
0.0,1.0,0.37410146388891996,1.0,10.000499999999999,5.000500000000001,10.000499999999999,0.007294120760633199
0.0,1.0,0.43197516176100204,1.0,10.000499999999999,5.000500000000001,10.000499999999999,0.007158227935809468
0.0,1.0,0.48984885963308405,1.0,10.000499999999999,5.000500000000001,10.000499999999999,0.0070248657594066495
0.0,1.0,0.5477225575051661,1.0,10.000499999999999,5.000500000000001,10.000499999999999,0.006893987007655138
0.10000000000000003,1.0,0.31622776601683794,1.0,10.000499999999999,5.000500000000001,10.000499999999999,0.006905582821747408
0.10000000000000003,1.0,0.37410146388891996,1.0,10.000499999999999,5.000500000000001,10.000499999999999,0.006777081005902599
0.10000000000000003,1.0,0.43197516176100204,1.0,10.000499999999999,5.000500000000001,10.000499999999999,0.006650971631227547
0.10000000000000003,1.0,0.48984885963308405,1.0,10.000499999999999,5.000500000000001,10.000499999999999,0.006527210053429837
0.10000000000000003,1.0,0.5477225575051661,1.0,10.000499999999999,5.000500000000001,10.000499999999999,0.006405752462604238
0.2,1.0,0.31622776601683794,1.0,10.000499999999999,5.000500000000001,10.000499999999999,0.006415940628936022
0.2,1.0,0.37410146388891996,1.0,10.000499999999999,5.000500000000001,10.000499999999999,0.006296694076638162
0.2,1.0,0.43197516176100204,1.0,10.000499999999999,5.000500000000001,10.000499999999999,0.0061796670568747
0.2,1.0,0.48984885963308405,1.0,10.000499999999999,5.000500000000001,10.000499999999999,0.006064818153031325
0.2,1.0,0.5477225575051661,1.0,10.000499999999999,5.000500000000001,10.000499999999999,0.005952106722565859
-0.2,1.0,0.31622776601683794,1.0,10.000499999999999,7.50025,10.000499999999999,0.002015042074013121
-0.2,1.0,0.37410146388891996,1.0,10.000499999999999,7.50025,10.000499999999999,0.0019776931045693974
-0.2,1.0,0.43197516176100204,1.0,10.000499999999999,7.50025,10.000499999999999,0.0019410411847683921
-0.2,1.0,0.48984885963308405,1.0,10.000499999999999,7.50025,10.000499999999999,0.0019050732780303658
-0.2,1.0,0.5477225575051661,1.0,10.000499999999999,7.50025,10.000499999999999,0.0018697765917304037
-0.1,1.0,0.31622776601683794,1.0,10.000499999999999,7.50025,10.000499999999999,0.0018685692022798817
-0.1,1.0,0.37410146388891996,1.0,10.000499999999999,7.50025,10.000499999999999,0.00183392640549072
-0.1,1.0,0.43197516176100204,1.0,10.000499999999999,7.50025,10.000499999999999,0.001799930236605844
-0.1,1.0,0.48984885963308405,1.0,10.000499999999999,7.50025,10.000499999999999,0.0017665686013851251
-0.1,1.0,0.5477225575051661,1.0,10.000499999999999,7.50025,10.000499999999999,0.00173382963191391
0.0,1.0,0.31622776601683794,1.0,10.000499999999999,7.50025,10.000499999999999,0.0017326454452838429
0.0,1.0,0.37410146388891996,1.0,10.000499999999999,7.50025,10.000499999999999,0.0017005132295946476
0.0,1.0,0.43197516176100204,1.0,10.000499999999999,7.50025,10.000499999999999,0.0016689808654285823
0.0,1.0,0.48984885963308405,1.0,10.000499999999999,7.50025,10.000499999999999,0.0016380371327718631
0.0,1.0,0.5477225575051661,1.0,10.000499999999999,7.50025,10.000499999999999,0.0016076710215808772
0.10000000000000003,1.0,0.31622776601683794,1.0,10.000499999999999,7.50025,10.000499999999999,0.0016065175490449645
0.10000000000000003,1.0,0.37410146388891996,1.0,10.000499999999999,7.50025,10.000499999999999,0.0015767144276740348
0.10000000000000003,1.0,0.43197516176100204,1.0,10.000499999999999,7.50025,10.000499999999999,0.0015474677633378793
0.10000000000000003,1.0,0.48984885963308405,1.0,10.000499999999999,7.50025,10.000499999999999,0.0015187671470599882
0.10000000000000003,1.0,0.5477225575051661,1.0,10.000499999999999,7.50025,10.000499999999999,0.0014906023646606647
0.2,1.0,0.31622776601683794,1.0,10.000499999999999,7.50025,10.000499999999999,0.0014894861521079035
0.2,1.0,0.37410146388891996,1.0,10.000499999999999,7.50025,10.000499999999999,0.0014618437244984315
0.2,1.0,0.43197516176100204,1.0,10.000499999999999,7.50025,10.000499999999999,0.0014347174969302592
0.2,1.0,0.48984885963308405,1.0,10.000499999999999,7.50025,10.000499999999999,0.0014080978128427817
0.2,1.0,0.5477225575051661,1.0,10.000499999999999,7.50025,10.000499999999999,0.0013819751963953656
-0.2,1.0,0.31622776601683794,1.0,15.00025,5.000500000000001,10.000499999999999,0.02990208610277277
-0.2,1.0,0.37410146388891996,1.0,15.00025,5.000500000000001,10.000499999999999,0.029758990128740347
-0.2,1.0,0.43197516176100204,1.0,15.00025,5.000500000000001,10.000499999999999,0.02961657402019122
-0.2,1.0,0.48984885963308405,1.0,15.00025,5.000500000000001,10.000499999999999,0.029474834581681958
-0.2,1.0,0.5477225575051661,1.0,15.00025,5.000500000000001,10.000499999999999,0.029333768632636745
-0.1,1.0,0.31622776601683794,1.0,15.00025,5.000500000000001,10.000499999999999,0.02776246866907425
-0.1,1.0,0.37410146388891996,1.0,15.00025,5.000500000000001,10.000499999999999,0.02762968270366697
-0.1,1.0,0.43197516176100204,1.0,15.00025,5.000500000000001,10.000499999999999,0.0274975270818662
-0.1,1.0,0.48984885963308405,1.0,15.00025,5.000500000000001,10.000499999999999,0.027365998843438082
-0.1,1.0,0.5477225575051661,1.0,15.00025,5.000500000000001,10.000499999999999,0.02723509504191764
0.0,1.0,0.31622776601683794,1.0,15.00025,5.000500000000001,10.000499999999999,0.0257752356473044
0.0,1.0,0.37410146388891996,1.0,15.00025,5.000500000000001,10.000499999999999,0.02565202333973163
0.0,1.0,0.43197516176100204,1.0,15.00025,5.000500000000001,10.000499999999999,0.025529395432449947
0.0,1.0,0.48984885963308405,1.0,15.00025,5.000500000000001,10.000499999999999,0.02540734918313626
0.0,1.0,0.5477225575051661,1.0,15.00025,5.000500000000001,10.000499999999999,0.02528588186221974
0.10000000000000003,1.0,0.31622776601683794,1.0,15.00025,5.000500000000001,10.000499999999999,0.023929530742366492
0.10000000000000003,1.0,0.37410146388891996,1.0,15.00025,5.000500000000001,10.000499999999999,0.023815207902642323
0.10000000000000003,1.0,0.43197516176100204,1.0,15.00025,5.000500000000001,10.000499999999999,0.023701426843296857
0.10000000000000003,1.0,0.48984885963308405,1.0,15.00025,5.000500000000001,10.000499999999999,0.02358818502387719
0.10000000000000003,1.0,0.5477225575051661,1.0,15.00025,5.000500000000001,10.000499999999999,0.023475479915742115
0.2,1.0,0.31622776601683794,1.0,15.00025,5.000500000000001,10.000499999999999,0.022215274515217903
0.2,1.0,0.37410146388891996,1.0,15.00025,5.000500000000001,10.000499999999999,0.022109205450483282
0.2,1.0,0.43197516176100204,1.0,15.00025,5.000500000000001,10.000499999999999,0.022003638632229736
0.2,1.0,0.48984885963308405,1.0,15.00025,5.000500000000001,10.000499999999999,0.02189857170700368
0.2,1.0,0.5477225575051661,1.0,15.00025,5.000500000000001,10.000499999999999,0.02179400233229286
-0.2,1.0,0.31622776601683794,1.0,15.00025,7.50025,10.000499999999999,0.012441009666521506
-0.2,1.0,0.37410146388891996,1.0,15.00025,7.50025,10.000499999999999,0.012382113543256771
-0.2,1.0,0.43197516176100204,1.0,15.00025,7.50025,10.000499999999999,0.012323496222880573
-0.2,1.0,0.48984885963308405,1.0,15.00025,7.50025,10.000499999999999,0.012265156383975214
-0.2,1.0,0.5477225575051661,1.0,15.00025,7.50025,10.000499999999999,0.012207092711400358
-0.1,1.0,0.31622776601683794,1.0,15.00025,7.50025,10.000499999999999,0.011539904867105167
-0.1,1.0,0.37410146388891996,1.0,15.00025,7.50025,10.000499999999999,0.011485275643565458
-0.1,1.0,0.43197516176100204,1.0,15.00025,7.50025,10.000499999999999,0.0114309050464606
-0.1,1.0,0.48984885963308405,1.0,15.00025,7.50025,10.000499999999999,0.011376791849779631
-0.1,1.0,0.5477225575051661,1.0,15.00025,7.50025,10.000499999999999,0.011322934833336955
0.0,1.0,0.31622776601683794,1.0,15.00025,7.50025,10.000499999999999,0.010704033193090918
0.0,1.0,0.37410146388891996,1.0,15.00025,7.50025,10.000499999999999,0.010653361470330521
0.0,1.0,0.43197516176100204,1.0,15.00025,7.50025,10.000499999999999,0.010602929660972506
0.0,1.0,0.48984885963308405,1.0,15.00025,7.50025,10.000499999999999,0.010552736627504859
0.0,1.0,0.5477225575051661,1.0,15.00025,7.50025,10.000499999999999,0.010502781237821527
0.10000000000000003,1.0,0.31622776601683794,1.0,15.00025,7.50025,10.000499999999999,0.009928681998246761
0.10000000000000003,1.0,0.37410146388891996,1.0,15.00025,7.50025,10.000499999999999,0.009881680794591218
0.10000000000000003,1.0,0.43197516176100204,1.0,15.00025,7.50025,10.000499999999999,0.009834902148449506
0.10000000000000003,1.0,0.48984885963308405,1.0,15.00025,7.50025,10.000499999999999,0.009788345004402512
0.10000000000000003,1.0,0.5477225575051661,1.0,15.00025,7.50025,10.000499999999999,0.009742008312047927
0.2,1.0,0.31622776601683794,1.0,15.00025,7.50025,10.000499999999999,0.009209478011372074
0.2,1.0,0.37410146388891996,1.0,15.00025,7.50025,10.000499999999999,0.009165881142785924
0.2,1.0,0.43197516176100204,1.0,15.00025,7.50025,10.000499999999999,0.009122490734403051
0.2,1.0,0.48984885963308405,1.0,15.00025,7.50025,10.000499999999999,0.009079305806956407
0.2,1.0,0.5477225575051661,1.0,15.00025,7.50025,10.000499999999999,0.009036325385834662
-0.2,1.0,0.31622776601683794,1.0,15.00025,10.0,10.000499999999999,0.0052112152499317575
-0.2,1.0,0.37410146388891996,1.0,15.00025,10.0,10.000499999999999,0.005186483680189769
-0.2,1.0,0.43197516176100204,1.0,15.00025,10.0,10.000499999999999,0.005161869512629326
-0.2,1.0,0.48984885963308405,1.0,15.00025,10.0,10.000499999999999,0.005137372189883002
-0.2,1.0,0.5477225575051661,1.0,15.00025,10.0,10.000499999999999,0.0051129911572290136
-0.1,1.0,0.31622776601683794,1.0,15.00025,10.0,10.000499999999999,0.004834741151173625
-0.1,1.0,0.37410146388891996,1.0,15.00025,10.0,10.000499999999999,0.004811795741774173
-0.1,1.0,0.43197516176100204,1.0,15.00025,10.0,10.000499999999999,0.004788959256719883
-0.1,1.0,0.48984885963308405,1.0,15.00025,10.0,10.000499999999999,0.004766231178897867
-0.1,1.0,0.5477225575051661,1.0,15.00025,10.0,10.000499999999999,0.0047436109936497195
0.0,1.0,0.31622776601683794,1.0,15.00025,10.0,10.000499999999999,0.0044854736647532995
0.0,1.0,0.37410146388891996,1.0,15.00025,10.0,10.000499999999999,0.0044641853919330995
0.0,1.0,0.43197516176100204,1.0,15.00025,10.0,10.000499999999999,0.004442998177753747
0.0,1.0,0.48984885963308405,1.0,15.00025,10.0,10.000499999999999,0.004421911542450923
0.0,1.0,0.5477225575051661,1.0,15.00025,10.0,10.000499999999999,0.00440092500853744
0.10000000000000003,1.0,0.31622776601683794,1.0,15.00025,10.0,10.000499999999999,0.004161445737546347
0.10000000000000003,1.0,0.37410146388891996,1.0,15.00025,10.0,10.000499999999999,0.004141694902261561
0.10000000000000003,1.0,0.43197516176100204,1.0,15.00025,10.0,10.000499999999999,0.0041220378278349025
0.10000000000000003,1.0,0.48984885963308405,1.0,15.00025,10.0,10.000499999999999,0.004102474069154409
0.10000000000000003,1.0,0.5477225575051661,1.0,15.00025,10.0,10.000499999999999,0.004083003183220686
0.2,1.0,0.31622776601683794,1.0,15.00025,10.0,10.000499999999999,0.0038608325920765833
0.2,1.0,0.37410146388891996,1.0,15.00025,10.0,10.000499999999999,0.0038425081456158416
0.2,1.0,0.43197516176100204,1.0,15.00025,10.0,10.000499999999999,0.0038242706891370762
0.2,1.0,0.48984885963308405,1.0,15.00025,10.0,10.000499999999999,0.0038061198096790536
0.2,1.0,0.5477225575051661,1.0,15.00025,10.0,10.000499999999999,0.0037880550962404434
-0.2,1.0,0.31622776601683794,1.0,20.0,10.0,15.00025,0.0014800945460209196
-0.2,1.0,0.37410146388891996,1.0,20.0,10.0,15.00025,0.0014671762947523184
-0.2,1.0,0.43197516176100204,1.0,20.0,10.0,15.00025,0.0014543707433340122
-0.2,1.0,0.48984885963308405,1.0,20.0,10.0,15.00025,0.0014416769086944183
-0.2,1.0,0.5477225575051661,1.0,20.0,10.0,15.00025,0.0014290938163371068
-0.1,1.0,0.31622776601683794,1.0,20.0,10.0,15.00025,0.0013732284954936398
-0.1,1.0,0.37410146388891996,1.0,20.0,10.0,15.00025,0.0013612433206419024
-0.1,1.0,0.43197516176100204,1.0,20.0,10.0,15.00025,0.0013493627034412933
-0.1,1.0,0.48984885963308405,1.0,20.0,10.0,15.00025,0.0013375857318516393
-0.1,1.0,0.5477225575051661,1.0,20.0,10.0,15.00025,0.0013259115017883053
0.0,1.0,0.31622776601683794,1.0,20.0,10.0,15.00025,0.0012740807988182664
0.0,1.0,0.37410146388891996,1.0,20.0,10.0,15.00025,0.0012629613063826319
0.0,1.0,0.43197516176100204,1.0,20.0,10.0,15.00025,0.0012519388176014388
0.0,1.0,0.48984885963308405,1.0,20.0,10.0,15.00025,0.0012410124863338507
0.0,1.0,0.5477225575051661,1.0,20.0,10.0,15.00025,0.001230181473819725
0.10000000000000003,1.0,0.31622776601683794,1.0,20.0,10.0,15.00025,0.0011820935587252312
0.10000000000000003,1.0,0.37410146388891996,1.0,20.0,10.0,15.00025,0.0011717772234560726
0.10000000000000003,1.0,0.43197516176100204,1.0,20.0,10.0,15.00025,0.0011615508835544784
0.10000000000000003,1.0,0.48984885963308405,1.0,20.0,10.0,15.00025,0.0011514137540176567
0.10000000000000003,1.0,0.5477225575051661,1.0,20.0,10.0,15.00025,0.0011413650566902012
0.2,1.0,0.31622776601683794,1.0,20.0,10.0,15.00025,0.001096749246246847
0.2,1.0,0.37410146388891996,1.0,20.0,10.0,15.00025,0.0010871780597561892
0.2,1.0,0.43197516176100204,1.0,20.0,10.0,15.00025,0.0010776903666334674
0.2,1.0,0.48984885963308405,1.0,20.0,10.0,15.00025,0.0010682854385966399
0.2,1.0,0.5477225575051661,1.0,20.0,10.0,15.00025,0.0010589625537162732
