k,T,v0,rho,kappa,theta,sigma,C_price,delta
-0.2,1.0,0.31622776601683794,-1.0,0.001,0.001,0.001,0.38170041307120445,1.071526986749436
-0.2,1.0,0.31622776601683794,0.0,0.001,0.001,0.001,0.3817078395315501,1.071270505073783
-0.2,1.0,0.31622776601683794,1.0,0.001,0.001,0.001,0.38171529090949047,1.0710137607652697
-0.2,1.0,0.43197516176100204,-1.0,0.001,0.001,0.001,0.41851675666892546,1.0244993461235863
-0.2,1.0,0.43197516176100204,0.0,0.001,0.001,0.001,0.4185382932998185,1.0242795069801485
-0.2,1.0,0.43197516176100204,1.0,0.001,0.001,0.001,0.4185598690226896,1.0240595247145707
-0.2,1.0,0.5477225575051661,-1.0,0.001,0.001,0.001,0.4517442541032051,0.9925454451631396
-0.2,1.0,0.5477225575051661,0.0,0.001,0.001,0.001,0.4517788609762734,0.99235816225564
-0.2,1.0,0.5477225575051661,1.0,0.001,0.001,0.001,0.4518135209411688,0.9921708119612909
0.0,1.0,0.31622776601683794,-1.0,0.001,0.001,0.001,0.2888603398803867,0.9441649115632614
0.0,1.0,0.31622776601683794,0.0,0.001,0.001,0.001,0.28889936870660127,0.9438217515379956
0.0,1.0,0.31622776601683794,1.0,0.001,0.001,0.001,0.2889384354180386,0.9434786390941847
0.0,1.0,0.43197516176100204,-1.0,0.001,0.001,0.001,0.3300225108304647,0.9256326798243953
0.0,1.0,0.43197516176100204,0.0,0.001,0.001,0.001,0.33007077031402315,0.9253492307373254
0.0,1.0,0.43197516176100204,1.0,0.001,0.001,0.001,0.33011907483567476,0.9250658395545039
0.0,1.0,0.5477225575051661,-1.0,0.001,0.001,0.001,0.3664829647730788,0.9114703365737999
0.0,1.0,0.5477225575051661,0.0,0.001,0.001,0.001,0.3665405674598798,0.9112308069523414
0.0,1.0,0.5477225575051661,1.0,0.001,0.001,0.001,0.3665982246421213,0.9109913503311604
0.2,1.0,0.31622776601683794,-1.0,0.001,0.001,0.001,0.20909197093848803,0.7723613114178035
0.2,1.0,0.31622776601683794,0.0,0.001,0.001,0.001,0.20916594891382842,0.7720566986817772
0.2,1.0,0.31622776601683794,1.0,0.001,0.001,0.001,0.2092399421384128,0.7717524606354277
0.2,1.0,0.43197516176100204,-1.0,0.001,0.001,0.001,0.25119656414010566,0.7925557970036315
0.2,1.0,0.43197516176100204,0.0,0.001,0.001,0.001,0.25127474390629656,0.7922875966337805
0.2,1.0,0.43197516176100204,1.0,0.001,0.001,0.001,0.25135295204697056,0.7920196684678643
0.2,1.0,0.5477225575051661,-1.0,0.001,0.001,0.001,0.2887704049524616,0.8029839735956164
0.2,1.0,0.5477225575051661,0.0,0.001,0.001,0.001,0.28885412580021413,0.8027475497280069
0.2,1.0,0.5477225575051661,1.0,0.001,0.001,0.001,0.2889378868374846,0.8025113501408134
-0.2,1.0,0.31622776601683794,-1.0,0.001,5.000500000000001,0.001,0.3825455639568814,1.070276220463938
-0.2,1.0,0.31622776601683794,0.0,0.001,5.000500000000001,0.001,0.3825532954589427,1.07002124908731
-0.2,1.0,0.31622776601683794,1.0,0.001,5.000500000000001,0.001,0.3825610519709962,1.069766020196953
-0.2,1.0,0.43197516176100204,-1.0,0.001,5.000500000000001,0.001,0.4192671829050196,1.0236796018849865
-0.2,1.0,0.43197516176100204,0.0,0.001,5.000500000000001,0.001,0.4192889670650115,1.0234609235112138
-0.2,1.0,0.43197516176100204,1.0,0.001,5.000500000000001,0.001,0.41931079040321234,1.0232421046659501
-0.2,1.0,0.5477225575051661,-1.0,0.001,5.000500000000001,0.001,0.45243193913828145,0.9919700672107217
-0.2,1.0,0.5477225575051661,0.0,0.001,5.000500000000001,0.001,0.4524667710888193,0.9917837373887167
-0.2,1.0,0.5477225575051661,1.0,0.001,5.000500000000001,0.001,0.45250165625231364,0.9915973418598584
0.0,1.0,0.31622776601683794,-1.0,0.001,5.000500000000001,0.001,0.2898161906564137,0.9437059558431247
0.0,1.0,0.31622776601683794,0.0,0.001,5.000500000000001,0.001,0.28985531768009887,0.9433652518343099
0.0,1.0,0.31622776601683794,1.0,0.001,5.000500000000001,0.001,0.2898944823998918,0.9430245951533592
0.0,1.0,0.43197516176100204,-1.0,0.001,5.000500000000001,0.001,0.33085255698374033,0.925285003757434
0.0,1.0,0.43197516176100204,0.0,0.001,5.000500000000001,0.001,0.3309009230909386,0.9250031699761804
0.0,1.0,0.43197516176100204,1.0,0.001,5.000500000000001,0.001,0.33094933417991695,0.9247213940619086
0.0,1.0,0.5477225575051661,-1.0,0.001,5.000500000000001,0.001,0.3672316957854228,0.9112035225139296
0.0,1.0,0.5477225575051661,0.0,0.001,5.000500000000001,0.001,0.3672894161459451,0.9109651994973921
0.0,1.0,0.5477225575051661,1.0,0.001,5.000500000000001,0.001,0.36734719103070673,0.9107269495819352
0.2,1.0,0.31622776601683794,-1.0,0.001,5.000500000000001,0.001,0.21006362652685337,0.7729722321924631
0.2,1.0,0.31622776601683794,0.0,0.001,5.000500000000001,0.001,0.21013748300341972,0.772669252059622
0.2,1.0,0.31622776601683794,1.0,0.001,5.000500000000001,0.001,0.21021135489633674,0.7723666407810685
0.2,1.0,0.43197516176100204,-1.0,0.001,5.000500000000001,0.001,0.2520499813710885,0.7928553171957713
0.2,1.0,0.43197516176100204,0.0,0.001,5.000500000000001,0.001,0.25212811832227516,0.792588361739521
0.2,1.0,0.43197516176100204,1.0,0.001,5.000500000000001,0.001,0.252206283755779,0.7923216756312842
0.2,1.0,0.5477225575051661,-1.0,0.001,5.000500000000001,0.001,0.28954337760009874,0.8031485255277899
0.2,1.0,0.5477225575051661,0.0,0.001,5.000500000000001,0.001,0.28962710308106043,0.8029131042433331
0.2,1.0,0.5477225575051661,1.0,0.001,5.000500000000001,0.001,0.2897108688636974,0.8026779056812594
-0.2,1.0,0.31622776601683794,1.0,10.000499999999999,5.000500000000001,10.000499999999999,0.008609894160743446,0.014819213581536744
-0.2,1.0,0.43197516176100204,1.0,10.000499999999999,5.000500000000001,10.000499999999999,0.008291339679274892,0.01426363226761302
-0.2,1.0,0.5477225575051661,1.0,10.000499999999999,5.000500000000001,10.000499999999999,0.00798454625613197,0.013728637944923149
0.0,1.0,0.31622776601683794,1.0,10.000499999999999,5.000500000000001,10.000499999999999,0.0074325923570474845,0.012800585340195568
0.0,1.0,0.43197516176100204,1.0,10.000499999999999,5.000500000000001,10.000499999999999,0.007158227935809468,0.012321663465340396
0.0,1.0,0.5477225575051661,1.0,10.000499999999999,5.000500000000001,10.000499999999999,0.006893987007655138,0.01186047070041774
0.2,1.0,0.31622776601683794,1.0,10.000499999999999,5.000500000000001,10.000499999999999,0.006415940628936022,0.011049806376495521
0.2,1.0,0.43197516176100204,1.0,10.000499999999999,5.000500000000001,10.000499999999999,0.0061796670568747,0.010637110765609503
0.2,1.0,0.5477225575051661,1.0,10.000499999999999,5.000500000000001,10.000499999999999,0.005952106722565859,0.010239681151924916
